"V1" "V2" "V3"
"1" 1 0.398305019974081 0.408529614863339
"2" 1 0.416089329492493 0.473961694162795
"3" 1 0.434814345512901 0.515759379466295
"4" 1 0.49871733236873 0.537646005681732
"5" 1 0.585978795701808 0.672033489077711
"6" 1 0.897349987433573 1
"7" 2 0.719019949073255 0.772904778794044
"8" 0 0 0.223896414046663
"9" 0 0 0.223967080774971
"10" 0 0 0.228907339905774
"11" 0 0 0.230351666898631
"12" 0 0 0.230668479517121
"13" 0 0 0.236066110320053
"14" 0 0 0.238874283018399
"15" 0 0 0.252997967120583
"16" 0 0 0.253317609979484
"17" 0 0 0.25376497425446
"18" 0 0 0.263382095338724
"19" 0 0 0.264156171230699
"20" 0 0 0.264190289810241
"21" 0 0 0.265201228641292
"22" 0 0 0.26538915804288
"23" 0 0 0.269555413045016
"24" 0 0 0.273358242223244
"25" 0 0 0.273417764997457
"26" 0 0 0.277494845651948
"27" 0 0 0.279480482726678
"28" 0 0 0.279585502007895
"29" 0 0 0.280396580618361
"30" 0 0 0.283621057503375
"31" 0 0 0.284939543095865
"32" 0 0 0.285952955717343
"33" 0 0 0.287373347896406
"34" 0 0 0.290602432156925
"35" 0 0 0.291013985661184
"36" 0 0 0.295932116770236
"37" 0 0 0.29836771871102
"38" 0 0 0.30037652437317
"39" 0 0 0.305141850488576
"40" 0 0 0.312451826896902
"41" 0 0 0.312604383803772
"42" 0 0 0.312647404673026
"43" 0 0 0.31582403204848
"44" 0 0 0.31609791897849
"45" 0 0 0.318255426244617
"46" 0 0 0.319320426165462
"47" 0 0 0.325105021635469
"48" 0 0 0.331728180713275
"49" 0 0 0.339347223336585
"50" 0 0 0.347348696249656
"51" 0 0 0.372873987680389
"52" 0 0 0.375926067945133
"53" 0 0 0.382495250333297
"54" 0 0 0.384824070757305
"55" 0 0 0.397767453164377
"56" 0 0 0.413259970301181
"57" 0 0 0.431732475251926
"58" 0 0 0.449937954634315
"59" 0 0 0.454199060893543
"60" 0 0 0.456660377422315
"61" 0 0 0.513485510365869
"62" 0 0 0.543640999570848
"63" 0 0 0.561444834885519
"64" 0 0 0.585767936722736
"65" 0 0 1
