"V1" "V2" "V3"
"1" 1 0.26383495062048 0.271895471176076
"2" 1 0.278552315929438 0.314194095561446
"3" 1 0.377570977790812 0.436778227198526
"4" 1 0.474995776310229 0.478530725839254
"5" 1 0.53391307748659 0.654106920638809
"6" 1 0.908443826119654 1
"7" 2 0.71254105353109 0.738710045076103
"8" 0 0 0.145224146779374
"9" 0 0 0.186298949417953
"10" 0 0 0.186719987201228
"11" 0 0 0.192054902912851
"12" 0 0 0.202132708040563
"13" 0 0 0.202340000934137
"14" 0 0 0.203585185696589
"15" 0 0 0.203763979750587
"16" 0 0 0.210479248272849
"17" 0 0 0.215199206447514
"18" 0 0 0.21562681718808
"19" 0 0 0.217081345446712
"20" 0 0 0.218532092750361
"21" 0 0 0.228436371891691
"22" 0 0 0.238972166713792
"23" 0 0 0.241198267911363
"24" 0 0 0.246853416327942
"25" 0 0 0.248025498790784
"26" 0 0 0.251599370837412
"27" 0 0 0.254000316860165
"28" 0 0 0.257600136966791
"29" 0 0 0.257975404956015
"30" 0 0 0.26116555030286
"31" 0 0 0.261382301830054
"32" 0 0 0.261577948146985
"33" 0 0 0.26471267636875
"34" 0 0 0.266832057559738
"35" 0 0 0.266832157213265
"36" 0 0 0.272766847181033
"37" 0 0 0.277385937267689
"38" 0 0 0.280185152014804
"39" 0 0 0.281604551844244
"40" 0 0 0.283571536829245
"41" 0 0 0.294525222234852
"42" 0 0 0.30486562012532
"43" 0 0 0.312943603830199
"44" 0 0 0.3182229113035
"45" 0 0 0.32506264898073
"46" 0 0 0.328848817232487
"47" 0 0 0.332412489668907
"48" 0 0 0.336537291033631
"49" 0 0 0.33847157812262
"50" 0 0 0.350345354855646
"51" 0 0 0.35529424021089
"52" 0 0 0.358083398633377
"53" 0 0 0.364363550609989
"54" 0 0 0.378928887228146
"55" 0 0 0.384315732414861
"56" 0 0 0.384780601041411
"57" 0 0 0.395495812673853
"58" 0 0 0.400885493146849
"59" 0 0 0.417279053876812
"60" 0 0 0.424424285796651
"61" 0 0 0.429071326904717
"62" 0 0 0.442089481512842
"63" 0 0 0.462500584460567
"64" 0 0 0.498978159439076
"65" 0 0 0.673467903213049
"66" 0 0 0.953419167060145
"67" 0 0 1
