"V1" "V2" "V3"
"1" 1 0.200376123224153 0.201849039879749
"2" 1 0.263212584498972 0.263271008497176
"3" 1 0.222110783158325 0.26441057778014
"4" 1 0.274234306853411 0.279677436894791
"5" 1 0.218867116685329 0.288705777538899
"6" 1 0.294941478647191 0.297646953020929
"7" 1 0.290880134373165 0.309198811892872
"8" 1 0.283952023720889 0.325756597241487
"9" 1 0.53307050862562 0.536274348548576
"10" 1 0.506433896891676 0.66970099628149
"11" 1 0.677786974760086 0.883981981224337
"12" 2 0.66970099628149 0.714918292875562
"13" 2 0.902804103406815 0.99026806874157
"14" 2 0.928074980783336 1.036471610179
"15" 2 0.983963694500765 1.04657287282584
"16" 0 0 0.144146719882538
"17" 0 0 0.152576124654642
"18" 0 0 0.156296839552825
"19" 0 0 0.157753278665837
"20" 0 0 0.159664344442306
"21" 0 0 0.162609686965545
"22" 0 0 0.163914535499319
"23" 0 0 0.168119586450768
"24" 0 0 0.178166412347213
"25" 0 0 0.178417399957653
"26" 0 0 0.182444304294517
"27" 0 0 0.184768020803213
"28" 0 0 0.186246474804529
"29" 0 0 0.187384488385442
"30" 0 0 0.189112595247252
"31" 0 0 0.191691505040448
"32" 0 0 0.194484050760891
"33" 0 0 0.194914455298982
"34" 0 0 0.203742641863239
"35" 0 0 0.209250314202805
"36" 0 0 0.20926541466259
"37" 0 0 0.210382325668453
"38" 0 0 0.213730594305335
"39" 0 0 0.217341530277647
"40" 0 0 0.222517110571382
"41" 0 0 0.225220998896128
"42" 0 0 0.22678785359376
"43" 0 0 0.231703231626689
"44" 0 0 0.232990815348175
"45" 0 0 0.237050967539706
"46" 0 0 0.239288656105438
"47" 0 0 0.240882892095188
"48" 0 0 0.241322175343845
"49" 0 0 0.244326547419474
"50" 0 0 0.244351792890069
"51" 0 0 0.245778606882456
"52" 0 0 0.246251270126073
"53" 0 0 0.247791446579835
"54" 0 0 0.249102252640757
"55" 0 0 0.250164613634488
"56" 0 0 0.251810928332569
"57" 0 0 0.262358645724095
"58" 0 0 0.268797516112978
"59" 0 0 0.274892282687166
"60" 0 0 0.275964048326869
"61" 0 0 0.276511748087628
"62" 0 0 0.289962141328495
"63" 0 0 0.296924545980891
"64" 0 0 0.314417939076703
"65" 0 0 0.35135841780455
"66" 0 0 0.357303715535642
"67" 0 0 0.36595208626781
"68" 0 0 0.413823872973266
"69" 0 0 0.424171760730256
"70" 0 0 0.497495649689539
"71" 0 0 1.5
