"V1" "V2" "V3"
"1" 1 0.0812790324341822 0.0932706812632139
"2" 1 0.0935325722962636 0.101241962778088
"3" 1 0.0910570460684795 0.1055660495385
"4" 1 0.117356615292633 0.130092109732031
"5" 1 0.145952359758685 0.14874198872567
"6" 0 0 0.0498952282884964
"7" 0 0 0.0520143220902301
"8" 0 0 0.053488484172967
"9" 0 0 0.0541103704401964
"10" 0 0 0.0568979310377839
"11" 0 0 0.0578843483875088
"12" 0 0 0.060389858920529
"13" 0 0 0.0606055590031482
"14" 0 0 0.0608847779484108
"15" 0 0 0.0629508987157018
"16" 0 0 0.0649104011790348
"17" 0 0 0.0656643657051176
"18" 0 0 0.0664919900061889
"19" 0 0 0.0675172668627774
"20" 0 0 0.0709216751207106
"21" 0 0 0.0709887435237845
"22" 0 0 0.0720433041700602
"23" 0 0 0.0739110981182555
"24" 0 0 0.0749195670409346
"25" 0 0 0.0752102311852061
"26" 0 0 0.0799609116887311
"27" 0 0 0.0810631490540108
"28" 0 0 0.0825411746160336
"29" 0 0 0.0846176881699494
"30" 0 0 0.0857183768190855
"31" 0 0 0.0874606605759679
"32" 0 0 0.0892978891529706
"33" 0 0 0.0899172483099673
"34" 0 0 0.0968248195138016
"35" 0 0 0.105150103679078
"36" 0 0 0.110086022669386
"37" 0 0 0.111777324867131
"38" 0 0 0.11434321297493
"39" 0 0 0.11462892360726
"40" 0 0 0.116123325127852
"41" 0 0 0.125152656012407
"42" 0 0 0.129837939408448
"43" 0 0 0.164082491308868
"44" 0 0 0.350013303477341
"45" 0 0 1
