"V1" "V2" "V3"
"1" 1 0.0961024806304218 0.0969857371534571
"2" 1 0.12039381071754 0.122266764975362
"3" 1 0.140282060316046 0.158270110854509
"4" 2 0.285295862346314 0.289299498066751
"5" 0 0 0.0696551495753882
"6" 0 0 0.0795023894826208
"7" 0 0 0.0797498563052592
"8" 0 0 0.0806442519317636
"9" 0 0 0.0830486539414697
"10" 0 0 0.0838526163130756
"11" 0 0 0.0880307455248655
"12" 0 0 0.0923517407833082
"13" 0 0 0.093808991678336
"14" 0 0 0.0941957029897359
"15" 0 0 0.0943382744196967
"16" 0 0 0.0975185948361057
"17" 0 0 0.0981282613695959
"18" 0 0 0.0982153442511279
"19" 0 0 0.100665605648129
"20" 0 0 0.103143087120153
"21" 0 0 0.104368365396712
"22" 0 0 0.10576699607345
"23" 0 0 0.10687711293211
"24" 0 0 0.106880376392645
"25" 0 0 0.107882646440228
"26" 0 0 0.10789782557442
"27" 0 0 0.11001534521923
"28" 0 0 0.110839501233994
"29" 0 0 0.111263723324407
"30" 0 0 0.111452912911578
"31" 0 0 0.111570368699883
"32" 0 0 0.112966437880505
"33" 0 0 0.114690536607783
"34" 0 0 0.119883020740813
"35" 0 0 0.120795156139172
"36" 0 0 0.122267775366662
"37" 0 0 0.124665596194675
"38" 0 0 0.124741107904215
"39" 0 0 0.124768761695392
"40" 0 0 0.127104518088205
"41" 0 0 0.127284094389278
"42" 0 0 0.127761797995159
"43" 0 0 0.128857427874479
"44" 0 0 0.133645787270095
"45" 0 0 0.13494426088021
"46" 0 0 0.148130102077168
"47" 0 0 0.148363786893624
"48" 0 0 0.170331815882424
"49" 0 0 0.189308846825001
"50" 0 0 0.192471917108341
"51" 0 0 0.193095634879804
"52" 0 0 0.205181345573215
"53" 0 0 0.232366763257007
"54" 0 0 0.258649663949756
"55" 0 0 0.259752988184752
"56" 0 0 0.275839835983563
"57" 0 0 0.340440549870374
"58" 0 0 1
