"V1" "V2" "V3"
"1" 1 0.122077350561616 0.122387984803482
"2" 1 0.129470210380654 0.132693249092596
"3" 1 0.118893825090856 0.138743193451126
"4" 1 0.142638640484127 0.158348117896244
"5" 1 0.134069604865728 0.159592825426343
"6" 1 0.157982354276797 0.172816705602758
"7" 2 0.16305162878634 0.164287804415708
"8" 0 0 0.0865210319523981
"9" 0 0 0.0885312654239555
"10" 0 0 0.0897970700139275
"11" 0 0 0.0906097057546053
"12" 0 0 0.0906948253358707
"13" 0 0 0.0938701010521734
"14" 0 0 0.0942932466657916
"15" 0 0 0.094610765645151
"16" 0 0 0.0963931573684361
"17" 0 0 0.09987293113087
"18" 0 0 0.0999148165193485
"19" 0 0 0.101218564503549
"20" 0 0 0.102501876901548
"21" 0 0 0.103139483439952
"22" 0 0 0.103285128900656
"23" 0 0 0.108036774174237
"24" 0 0 0.110832454038455
"25" 0 0 0.114764665044907
"26" 0 0 0.115268792424098
"27" 0 0 0.11634828526832
"28" 0 0 0.118615070080098
"29" 0 0 0.118643206885968
"30" 0 0 0.119406239357413
"31" 0 0 0.125314474598219
"32" 0 0 0.127286838054795
"33" 0 0 0.12795431684636
"34" 0 0 0.12908528650519
"35" 0 0 0.129202478251367
"36" 0 0 0.131519452192774
"37" 0 0 0.131525492091108
"38" 0 0 0.131582116334435
"39" 0 0 0.13769845302452
"40" 0 0 0.142680952285979
"41" 0 0 0.145314423539596
"42" 0 0 0.146350499470845
"43" 0 0 0.156601276888001
"44" 0 0 0.161973467005634
"45" 0 0 0.162409026642161
"46" 0 0 0.164982633146704
"47" 0 0 0.166851614039125
"48" 0 0 0.181254484076578
"49" 0 0 0.1828641017799
"50" 0 0 0.183571518163146
"51" 0 0 0.187039752355552
"52" 0 0 0.20518557001038
"53" 0 0 0.205617125318279
"54" 0 0 0.217834510147629
"55" 0 0 0.24474050744386
"56" 0 0 0.469129729472056
"57" 0 0 1
