Fixed broadband Internet subscribers (per 100 people),1998,1999,2000,2001,2002,2003,2004,2005,2006,2007,2008,2009,2010,2011
Afghanistan,,,,0,0,0,0.000688026533946,0.00073566386215,0.00162592841194,0.001581161000532,0.001537626190209,0.00299058008643,0.004362367311328,
Albania,,,,0,0,0,0,0.008657457508435,,0.315490753754734,2.01169486235135,2.88155283123528,3.29232449297972,
Algeria,,,,0,0,0.056402530067092,0.111124665576493,0.410478463122417,0.509104678330594,0.846557772445811,1.4087359287613,2.34047515880324,2.53749859027856,
American Samoa,,,,0,0,,,,,,,,,
Andorra,,,,,1.66273192068711,4.98732739636857,8.34351591138501,13.2767563681183,18.298820642512,22.7620100749478,25.0336049989707,27.416135855731,28.8720776772247,
Angola,,,,0,0,0,0,0,0.043843853800677,0.066760370838454,0.08838026287224,0.107786990271955,0.10481081647626,
Antigua and Barbuda,,,,0,0,0,0.120717545088003,0.937842604509271,1.81396553347773,2.63687670914063,5.73888422094589,7.26634928589326,8.08977272727273,
Argentina,0,,,0.251996428299135,0.393017669330866,0.681159154470994,1.4159311008243,2.39579594972996,4.05832074487781,6.60433763751564,8.02049679941466,8.67158714877041,9.55744333366327,
Armenia,,,,0.000195706844195,0.000261346778754,0.000326738231052,0.032651867099064,0.064906388028,,0.126863057184987,0.359781974332002,1.01423704991185,2.75475420439845,
Aruba,,,,0,0,1.44412903225806,7.030066837631,12.1529565527348,13.5847182872331,15.3475653633965,17.4326706214582,17.6340374441902,17.7935185185185,
Australia,,,,0.63256580641838,1.31339243005587,2.59758537149291,5.02797181950972,9.88487261458803,18.84249126723,,23.955159662302,23.1963811458794,24.1490649804924,
Austria,0,0.636861068194933,2.37781227789923,3.98642526453587,5.58033159542918,7.40018097813647,10.6461529575625,14.2686485098317,17.3184444698954,19.5403135220415,20.7390589768939,22.0674155960205,23.8617401668653,
Azerbaijan,,,,0,0.012236981381433,,,0.026025250689657,0.046614139818847,0.170137391770478,0.68466576899377,1.11766272582515,5.08062734702894,
Bahamas,,,,1.37232017930678,2.4656557696018,3.52706793337223,4.06781491966359,4.19028175276649,5.1196361235057,6.23363670365291,7.64248743485154,9.33596959433499,7.20174927113702,
Bahrain,0,0,0,0.183032170705514,0.775616365816811,1.50456453078354,2.22639037751578,2.95692508488467,4.76060191518468,7.20564136743532,7.30406638799117,6.49661672842683,5.35855784469097,
Bangladesh,,,,0,0,0,0,0,,0.030363274594765,0.034369387049478,0.037407294946217,0.040351868291502,
Barbados,,,,0,0,10.1410970752332,10.9762286671087,11.8083718110335,14.3140683681224,17.3526791302491,18.0821515173782,21.0100824931256,20.507299270073,
Belarus,,,,0,0.000201511335013,0.001245699759463,0.007634000021232,0.015999031884497,0.11732853840226,1.75015460729746,4.97604665694647,11.4893236562533,17.5541517386723,
Belgium,0.107066465105192,0.224907663181022,1.40680404828679,4.4719571246781,7.89156069733378,11.9787207816245,15.5447913217147,19.1874939221464,23.2422711580763,25.5541564320468,27.660667305137,29.0286484694613,30.9576266519824,
Belize,,,,0,0,0.343441724515893,1.00035385704176,1.72104180945853,2.4038940096753,2.40128410914928,2.49829245575908,2.50300120048019,2.58405797101449,
Benin,,,,0,0.000302681542263,0.000293092398356,0.001094892730926,0.002567543085272,0.019030179858066,0.008751847286921,0.011668290254405,0.020821293661503,0.040327683615819,
Bermuda,,,,0,0,,,29.0813276702847,37.0579937304075,44.9984375,52.8894080996885,62.111801242236,62.0743034055728,
Bhutan,,,,0,0,0,0,0,0,0,0.293713811535539,0.434377474024928,1.19490358126722,
Bolivia,,,,0,0.038511984802454,0.065109550221185,0.097106541227087,0.141833271288794,0.188993688390894,0.359032184402869,0.82460134495459,0.983624907542799,0.96623023466613,
Bosnia and Herzegovina,0,0,0.000730974757547,0.00181412187164,0.005641064619852,0.039654037032112,0.175518953772692,0.362390806032582,1.05775668845998,2.24107536476253,4.99342370919759,6.26783091889631,8.17789893617021,
Botswana,,,0,0,0,0,0,0.085302715345372,0.094691738934876,0.183653776315926,0.455284419757912,0.504648824975676,0.596811160936722,
Brazil,0.000590284926579,0.0040712759206,0.0573311039866,0.187135550335548,0.407721095255768,0.531980205323178,1.71719585049009,1.73872401078605,2.53620577395259,4.00923571035259,5.05367568785527,5.84513798198064,6.80512039231377,
Brunei,,,,0.567073827269791,0.807119750574528,1.10043552933013,1.75927044498698,2.23780922717647,2.4206288126119,3.07724502202573,4.39075111451929,5.11156424737837,5.43834586466165,
Bulgaria,,,,0,0,0,0.085475676444685,2.13786999832039,4.9963761621609,8.21273344714015,10.7383390208693,12.6326756914284,14.4449960180515,
Burkina Faso,,,,0,0.00038415926936,0.00108244506274,0.001116772648874,0.002704518087627,0.011728739624853,0.044697850300313,0.066167124001418,0.074741253687405,0.086185329123148,
Burundi,,,,0,0,0,0,0,0,0,0.002014254628222,0.001958179886482,0.002386065378191,
Cambodia,,,,0,0.000389249792647,0.00321709535294,0.005911795555558,0.007486389369806,0.021456236232865,0.061814838297138,0.120049391418892,0.214624468348364,0.252252634556899,
Cameroon,,,,0,0,0,0,0.001150761818566,0.002345613632862,0.003487734238139,0.004584520377607,0.004693604619508,0.005102301137813,
Canada,0.462842048538907,1.90824677368587,4.58545907174916,9.12428133415268,11.2078311332185,14.2473797196616,16.9276449445226,21.676157464719,24.692969447454,27.5596586221941,29.5395241491832,30.4609499820485,29.7097257223232,
Cape Verde,,,,0,0,0,0.060627613628573,0.198146264509403,1.56293451147581,1.51235034356542,1.66341452404841,2.43195469680913,3.21995967741935,
Cayman Islands,,,,0,0,,,,,,31.7026855954426,32.8084930868138,33.5265872310155,
Central African Rep.,,,,0,0,0,0,0,0,0,0,,,
Chad,,,,0,0,0,0,0,0,0,0,0.001371480107733,0.00133606484368,
Channel Islands,,,,,,,,,,,,,,
Chile,0,,0.051096575705812,0.427590007818408,1.1939565855049,2.20700857460996,2.96848993215994,4.3463189112613,6.19066121704858,7.74223131565237,8.49733617622194,9.75879727315893,10.4506404464076,
China,0,,0.001794645367463,0.026440224869285,0.257614026866604,0.870770723377833,1.92424281002257,2.86487896174025,3.87888819392534,5.03943819073743,6.25664795739268,7.80979134431943,9.44011058805948,
Colombia,0,,0.022311545525688,0.03421353655234,0.084930825488284,0.154404612259097,0.299895870570724,0.740424880179295,1.43736094436768,2.7215933901281,3.27313499407698,4.42794947146413,5.6033156928394,
Comoros,,,,0,0,0,0.000159776057877,0.000622109136606,0,0.012083666125358,0.01578115271278,0.009220787567025,0.020408163265306,
"Congo, Dem. Rep.",,,,0,0,0.00184848880033,0.00260066898174,0.002612306450297,0.002538568685588,0.002468234845964,0.002400964188803,0.01058963274487,0.013147881452285,
"Congo, Rep.",,,,0,0,0,0,0,0,0,0,,0.003067029433589,
Costa Rica,,,,0,0.220146125695135,0.3576065789227,0.659433540190834,1.04223011347485,1.89889132826086,2.13358103834876,2.37521129451559,3.91612336874481,6.18664949559991,
Cote d'Ivoire,,,,0,0,0.002366016306264,0.004658287013643,0.006875332737804,0.054567343987462,0.053628636919863,0.052667595266595,0.051679517123129,0.04002431857331,
Croatia,,,,0,0,0.076576576576577,0.590223023203424,2.61593876632148,5.67117117117117,8.72520288548242,11.8331754623365,15.4650697052524,18.19427342689,
Cuba,,,,0,0,0,0,0,0,0.017269092663591,0.019934489551478,0.025597933270992,0.032918813288328,
Cyprus,,,,0.260015268096543,0.599975098839238,1.00517565777741,1.68043898145906,3.08514161861467,6.01790375017171,9.18255133688984,13.6746391136127,16.1419860922737,17.6296464188577,
Czech Rep.,0,0,0.024337243322396,0.060567630059949,0.1499286662924,0.339852745498788,2.31005902888171,6.92726567894654,10.8334354191892,14.4832284384991,16.8795978947724,12.9204062332116,14.458174904943,
Denmark,0,,1.25477187872686,4.44130691614122,8.394769203697,13.3250930234888,18.8285626687129,24.7969713431223,31.9152141000119,34.4597887955516,36.1304320046832,36.9514013429065,37.7209122047954,
Djibouti,,,0.000546500348394,0.000667018852621,0.000784023687969,,,0.005195659892103,0.018453723645776,0.130084709924201,0.286453585403139,0.606015434186838,0.906411698537683,
Dominica,0,,0.11482374555058,0.251990726741256,3.22939062928385,3.83092485549133,4.70855587881946,4.9328980776206,5.96797671033479,9.49820264780665,10.7102510306783,12.2198992962516,13.8102941176471,
Dominican Rep.,,,,0,0,0.166751932488146,0.408073853514225,0.654924992986493,1.09466780375356,1.61090789989125,2.33831573641162,3.00620035905411,3.62686612269568,
Ecuador,,,,0.020897008262245,0.050903021480856,0.053249185863373,0.08797119571706,0.199502443022338,0.337250621494243,0.722036205639088,1.10977367440815,1.69149026130791,1.3680608365019,
Egypt,,,,0,0.072586059304166,0.076714968004963,0.1087473432287,0.190017373236456,0.342108366304654,0.620512406479036,0.982777819187338,1.35165619968126,1.78733496875039,
El Salvador,,,,0,0,0.32621993791153,0.486349504179278,0.699345658789594,1.01216777647232,1.47128244702229,2.01429842071982,2.42525553845897,2.83019538188277,
Equatorial Guinea,,,,0,0,0,0,0.029617977454137,0.028764240296463,0.02795308850569,0.027176908083167,0.026427255309309,0.169428571428571,
Eritrea,0,0,0,0,0,0,0,0,0,0,0.00088933427468,0.001373088023965,0.002245907879711,
Estonia,,,,1.28099019060905,3.4225301109047,6.67131121925416,10.2777757190819,13.3125621704825,18.3692866717726,18.8154034667191,20.9953195218826,22.4650089422214,25.0987313432836,
Ethiopia,,,,0,0,0.000080526659043,0.00004825814301,0.000082139548333,0.00034345086507,0.001333017046303,0.001883030121219,0.004308531714347,0.004951175406872,
Faeroe Islands,,,,0.116484749126364,0.242842535787321,0.829962925513987,6.54074924345195,12.159641924655,27.0820010314595,29.7764143951248,30.6150585427084,32.6622107969152,33.4010840108401,
Fiji,,,,0,0,0,0,0.851008992733599,1.02651301980808,1.37680526107221,1.54459604741771,1.50529787416273,2.70348837209302,
Finland,0,,0.676170533299564,2.5828795946344,5.25901059839657,9.4206537715034,15.3017153988048,22.3823582336274,27.1349654062421,30.5745057405194,29.9601065156221,28.7289204028342,28.5738255033557,
France,0.022380034934397,0.091132360673782,0.323558232425837,0.982816222222411,2.68476791811675,5.74981718612333,10.492190659854,15.0330343429836,20.0370917133203,24.6764142628797,27.7777249815784,30.8323342004398,32.8915941135681,
French Polynesia,,,,0.010354196348696,0.013061224489796,0.380903296464364,1.80866537902091,4.31592576607682,7.06418357424289,9.03020911056266,10.4600043093509,11.2184096979659,11.8992619926199,
Gabon,,,,0,0,0.012903382507871,0.048356942680656,0.11161943754017,0.126181655778161,0.139291125476508,0.151691707290166,0.250217595230908,0.271229235880399,
Gambia,,,,0,0,0,0.002464921091714,0.00472175558863,,0.016903812280965,0.018336209062121,0.01783873073863,0.020242914979757,
Georgia,,,,0.009803027539668,0.021115446408079,0.032571784980018,0.04399879582243,0.054801430798863,0.613915416098226,1.06496673047124,2.55790770353811,3.4007436292736,5.70341419586703,
Germany,0,,0.322339300721743,2.55009339717067,3.8853903201895,5.41593824114752,8.48317652787463,13.0797570037535,18.1814096361107,23.9307988445145,27.5771638657302,30.3920620941728,31.9035914743754,
Ghana,,,,0,0,0,0.00426138159389,0.008798600135325,0.057504196105862,0.071313458113613,0.098778482418634,0.121400738620848,0.205321416857986,
Gibraltar,,,,0,0,,,,,,,31.7770106299347,35.6756941594857,
Greece,0,0,0,0,0,0.095033217175576,0.465163540399438,1.4419443865322,4.37890076297533,9.09047212024413,13.407505534794,16.9872442558381,19.9461823966066,
Greenland,,,,0,0,0.209636219501453,5.83356761315716,12.5195398261175,16.2327826117589,18.5306338962072,21.2079250106519,22.1454823074055,21.806346623271,
Grenada,,,,0,0.552209820114954,,0.59440730076619,3.13625479393385,5.38059143802712,7.35237210742203,8.29227847246994,11.8841080914916,13.8817307692308,
Guam,,,,1.1104342749816,,,,,,1.55768631659109,1.53812849639394,1.68817210351871,1.67597765363128,
Guatemala,,,,0,0,0,0,0.213145173833705,0.299196679929518,0.426683690098288,0.690242224622204,1.11161600963629,1.79998610049343,
Guinea,,,,0,0,0,0,0,0,0,0,,0.005009016229213,
Guinea-Bissau,,,,0,0,0,0,0,0,0,0,,,
Guyana,,,,0,0,0,0,0.268012087345139,,0.314904781966435,0.676443429690598,0.906093254698126,1.48251655629139,
Haiti,,,,0,0,0,0,0,0,0,0,,,
Honduras,,,,0,0,0,0,0,0,0,0,,1,
"Hong Kong, China",0.168100615859529,1.3088170740937,6.66841710427607,10.6702858079025,15.4059844901469,18.8382658822131,22.3740104665733,24.3512299653614,26.1953303874816,27.4178662700876,27.7381515399057,28.8813055956138,29.8685483870968,
Hungary,0,,0.033297518913725,0.308061505504352,1.09717788106402,2.60930591994592,4.06752806380753,6.46064043406085,11.9069203097493,13.7415894142473,16.7472555803896,18.757973190723,19.56218,
Iceland,0,0.029201711725028,0.838534165466475,3.65795457735605,8.44106384532716,14.3585439398178,19.0924217835206,26.2918977939838,28.8818955698494,31.4337893094882,32.6693214540001,33.6176879676231,34.3433962264151,
India,0,0,0,0.004666903217679,0.007569527704238,0.012692270222515,0.020926254958552,0.118241168270881,0.198783352712506,0.266616323825999,0.443375685488515,0.641338978864405,0.897424904970134,
Indonesia,0,,0.001874454554227,0.006937908067806,0.017486479310379,0.027767856303688,0.03779943513753,0.047601622810592,0.084537329648312,0.335009959014934,0.417772793744184,0.716047265774569,0.792220786259224,
Iran,,,0.00026935070976,0.000996779647744,0.024059387453441,0.027475072432445,,,0.141679009033539,0.279972850472744,0.414999228585601,0.546917689489341,0.675922295972855,
Iraq,,,,0,0,,,,0.000091443350981,0.00033455547288,0.000178936567175,0.000389183115399,0.000240392120134,
Ireland,0,0,0,0,0.269586543257068,1.04590967994413,3.73686018246491,7.75256411550816,13.1843906391531,14.6028477384654,17.3909202263244,19.5239588225189,21.0369832402235,
Isle of Man,,,,,,,,,,,,,,
Israel,0,0,0,0.681239322876223,3.52607305936073,9.46380256214778,14.3927155235717,17.7432648879526,20.1454555765059,21.2880043453434,23.0407180385289,24.7141177727904,24.4609129066107,
Italy,0,,0.201959505959983,0.684484115817731,1.48712137146322,3.9059341347014,8.121142800958,11.640597530232,14.4167049433202,17.0477081804183,18.8464839296593,20.4068739367689,21.9225203776268,
Jamaica,,,,0.12419433870084,0.343840168873787,0.342765738660167,1.02346385656344,1.69785692725626,2.56253989711239,3.46692577920622,3.62172521583805,4.1623757234011,4.31846780162842,
Japan,0.025314452970493,0.170548756415318,0.673646252069047,3.01614641090374,7.37371101259367,11.6797671432374,15.3076024764991,18.2363292714423,20.6948143335734,22.1513945875719,23.5839672730792,24.8160722359635,26.7120140289209,
Jordan,,,,0.008317234367056,0.063060738388249,0.096746707978311,0.197051039697542,0.435202808833041,0.878128950695322,1.56866831508301,2.36993260756869,3.43993237531699,3.23770464693236,
Kazakhstan,,,,0,0,0.006693934725014,0.013301819278566,0.019779456420134,0.199241119970264,1.7461033807899,4.21601404976484,3.58654538443237,8.74104024995405,
Kenya,,,,0,0,0,,0.015159523449051,0.048501752061824,0.04731728317856,0.008534558121303,0.021156961697106,0.010255967220398,
Kiribati,,,,0,0,,,,,0,,,0.9,
"Korea, Dem. Rep.",0,0,0,0,0,0,0,0,0,0,0,0,,
"Korea, Rep.",0.030246073411541,0.596348971405281,8.23264125255276,16.4833076419537,21.8377997564151,23.3470465325226,24.8088136722247,25.3189247579875,29.0727850591134,30.3566472676242,31.8350834241982,33.5358401542659,35.1786598465473,
Kosovo,,,,,,,,,,,,,,
Kuwait,,,,0.248807218195969,0.507291469386651,0.611250967422204,0.913456817470775,1.10423345438677,1.27581342674556,1.42984486591732,1.56964248645497,1.70049646939144,1.6812865497076,
Kyrgyzstan,,,,,0.000721356149561,0.002756186548223,0.037358460995964,0.044396234455507,0.052929114845831,0.059126110394048,0.355857634384342,0.284440481497994,0.282672540381791,
Laos,,,,0,0,0.000447865901067,0.000882292478192,0.005457698405153,0.012684941656116,0.078025621334646,0.101411474358772,0.137447700421931,0.193920335429769,
Latvia,0,0,0.011968048681302,0.137366661981621,0.427601871869954,0.840005470163099,2.12498254294867,2.64158587305782,4.79355300033043,14.0880014059136,17.4577930129995,19.3790762424196,19.4227780259044,
Lebanon,,,,0,0.904742505113088,1.77871694032227,2.00097947945519,3.20795968828502,4.63702242634883,4.64343273503992,4.67972108862312,4.69384010922113,4.73148805299267,
Lesotho,,,,0,0,0,0.001074740376921,0.002178383465198,,0.005222854451391,0.006580765737901,0.018611567740756,0.018424689083372,
Liberia,,,,0,0,0,,,,,0.00300672960754,0.003910395630368,0.004656985478217,
Libya,,,,,0,0,0,,0.163699166810605,0.162708181382432,0.751948900907698,1.00596119832014,1.14555468135327,
Liechtenstein,,,,,4.27347885564742,4.41098629653591,13.7960133857122,24.8357159326724,28.5755107872553,39.6982929734021,55.1786267278511,61.5006150061501,63.8321492007105,
Lithuania,0,0,0,0.069715496430636,0.576523390995281,1.93358529676148,3.75629695152886,6.85589215254412,10.8634676475112,15.0364170353399,15.8028536842842,16.8975126487667,20.8109826589595,
Luxembourg,0,0,0,0.275182605741464,1.30598980220765,3.39902132276421,7.96777960903306,15.0701482077058,20.9314971108906,26.808724293896,29.3052286912923,31.363063825,33.2086785009862,
"Macao, China",,,0.863923383819556,2.22320647791671,3.77198134700271,6.04497492687004,9.61825208932905,14.1319927709342,18.6951488747473,21.8501153825619,23.4479606066392,23.7468349664436,24.1492647058824,
"Macedonia, FYR",,,,,0,0,0,0.610173449997032,1.78577459349584,4.9077552758357,8.81899553915082,10.6308000558157,12.4729611650485,
Madagascar,,,,0,0,0,0,0,0.007385953230256,0.012402273483196,0.017844825936718,0.022649403825752,0.025871391329536,
Malawi,,,,0,0,0.000568137607869,0.001106408075047,0.003150690262425,,0.011692933700404,0.019278673438765,0.027004027754601,0.034360110059728,
Malaysia,0,0,0,0.016691271687543,0.078734430706868,0.44054744370592,0.986696093265719,1.85094076334391,2.82476451111808,3.78911914328792,4.79419539111471,5.9815248237037,7.31840428153938,
Maldives,0,0,0,0,0.067312393274429,0.175466136431026,0.246401913480968,1.10418642460371,2.09539140802688,3.40977600901367,4.99265356009778,4.9178960604865,4.79367088607595,
Mali,,,,0,0,0,0,0,0.022695845652359,0.022823256841664,0.018402502353044,0.020181339631825,0.01505530253741,
Malta,,,0.434231952234485,2.32985945021729,4.46474345213893,5.70422146509376,9.38076298134912,12.7301361688008,13.0282868447472,20.298985454101,23.1404296637941,25.5575604300577,28.0213942307692,
Marshall Islands,,,,0,0,0,0,0,0,0,0,,,
Mauritania,,,,0,0,0,0,0.005381903480812,0.031086669186402,0.124506952468226,0.178317058411886,0.17763935066896,0.191445086705202,
Mauritius,,,,0,0.02354990431302,0.09682608350759,0.207883014725317,0.434183549124756,2.22679368850274,1.77459114267421,3.68558173999756,5.39884489173605,6.1847775175644,
Mayotte,,,,0,0,,,,,,,,,
Mexico,0,0,0.015006063349957,0.049343950954165,0.225544804759094,0.412281432617898,1.00525056261189,1.80530069013249,2.80056822601965,4.09117944828672,6.71328553880052,8.34469683760023,9.98476675806494,
"Micronesia, Fed. Sts.",,,,0,0,0.005538887606739,0.023869415933753,0.042040230672918,0.086529615899589,0.105366420811685,,,0.899099099099099,
Moldova,,,,0.006581374984166,0.011537212063066,0.016524263680748,0.067398570562058,0.289136961633653,0.60777795131529,1.46878417760164,3.22474928622588,5.24379747268555,7.55381807973049,
Monaco,,,,,,,,,,,,,,
Mongolia,,,,0.002012721219627,0.003660243210961,0.020119291301988,0.035792944971926,0.070661973141384,0.135441421004952,0.281766989558809,1.21853108971259,1.35496388004539,2.60192307692308,
Montenegro,,,,,,,0,1.22299713277776,,2.57101544360965,5.44021233818352,8.41609364962288,8.29113924050633,
Morocco,,,,0,0.006790265109265,0.009109745425611,0.214944728688293,0.819735860257242,1.27632052599426,1.53931487782849,1.54484212466133,1.50394866064683,1.56077118087071,
Mozambique,,,,0,0,0,0,0,,0.026330356989758,0.045632228685034,0.054692746587751,0.062560923471569,
Myanmar,,,0,0,0,0,0,0.000524598238706,0.008499037383706,0.013782129723134,0.021153298131452,0.031511695439716,0.034193023789171,
Namibia,,,,0,0,0,0,0.006442459461785,0.009345560599117,0.011857429235233,0.014542664997896,0.019178636960891,0.422251423565484,
Nepal,,,,0,0,0,0,0,0.003459839011499,0.038616559381216,0.041514794592753,0.052869690059129,0.195049901532094,
Netherlands,0.480671009088884,,1.63260046944799,2.90536439202352,7.25104432622126,12.2524683978147,19.6907229854919,25.122752218339,31.7641497504512,33.6167879076745,35.2982102864883,37.0832190992734,38.0958112662494,
New Caledonia,0,0,0,0.060738804733946,0.316041356268906,0.738919529536846,2.23673001025784,4.09568545135734,6.54242448387354,8.38077557755776,10.4330261544453,13.4844042674485,15.463967611336,
New Zealand,0,0,0.120742392036912,0.444968431903105,1.10168418386729,2.06098529996027,4.68978593272171,7.76506446696824,11.2364383692587,20.1740652271598,21.4331795076015,22.7304323647991,24.9313186813187,
Nicaragua,,,0.013796626685356,0.031153888360701,0.044427636403764,0.083259727045002,0.093371710145534,0.194198884434888,0.346626129260856,0.495178168879661,0.639828006963617,0.823084183999594,0.822249093107618,
Niger,,,,0,0,0,0.000613695206283,0.001631536806085,0.002577982484281,0.003456271921691,0.004269894125311,0.006679019736303,0.023897627643115,
Nigeria,,,,0,0,0,0,0.000357594089799,,0.036470541905475,0.044984350455807,0.053051344960794,0.062559098110754,
Northern Mariana Islands,,,,0,0,0,0,0,0,0,0,0,,
Norway,0,,0.518752420135797,1.96158361416037,4.52401513477161,8.73539247139285,14.6271595044328,21.4424962651064,26.7029017458193,30.4932967775734,33.0912929207007,34.5599646780538,35.25624872162,
Oman,,,,0,0.004212127975738,0.005822000053939,0.028086864093215,0.544965857312791,0.80562269635673,0.78779878236146,1.23046853520508,1.51592413521273,1.63309378368667,
Pakistan,,,,0,0,0,,0.009202910517523,0.016476040081994,0.027457713127204,0.088669372817464,0.177618184887012,0.306341269521236,
Palau,,,,0,0,,0.373680755441095,0.502361097156636,0.484733396631852,0.502037975941943,0.548744314811153,0.697925882237295,1.1674482219617,
Panama,,,,0.257946946775829,0.398648082856243,0.481161006090099,0.526277911569849,0.542472472617755,3.42192016409968,4.48515865320191,5.75930570115195,6.75680789254228,7.83733295422235,
Papua New Guinea,,,,0,0,0,0,0,0,0,0.045608150407038,0.06642936282262,0.088947214931467,
Paraguay,,,0.002807128384391,0.005500629730427,0.008985195811677,0.008809402239773,0.052705830958403,0.094950401979309,0.099856921674061,0.14053906536619,0.205449483342702,0.24913700832496,0.436117136659436,
Peru,0,0.000294364948247,0.004168295994797,0.086925277660284,0.140715020874177,0.348888418790339,0.835510330671723,1.27952739833916,1.7400856451179,2.02448491408708,2.54911423249093,2.81458870282045,3.1353521804925,
Philippines,0,0,0,0.012663936397963,0.026044762065968,0.066833556132106,0.10603228637848,0.143781574886816,0.304225588157896,0.559657389073991,1.15967572117014,1.87824314316998,1.84685988784165,
Poland,0,0,0,0.03137412715871,0.318291502534478,0.512378492939457,2.29390788205045,2.47647839557484,7.63255190237912,10.9494797558063,10.4532607468877,12.5764178244358,12.9911166980934,
Portugal,0,0.00291979442681,0.245984778163859,0.964888853093253,2.51331858917907,4.80822137567252,7.98298795368869,11.0474278026933,13.4508761242076,14.2566576187498,15.1916989105959,17.3200951574618,19.2980823463057,
Puerto Rico,,,,0.0632398831821,0.589175672425376,1.40165303070677,2.21634641189071,3.0241986006676,3.82589239329073,4.62286567535303,10.7802323043843,12.106330571413,13.8642533936652,
Qatar,0,0,0,0,0.036528334291935,0.457689364957919,1.52626177032382,3.11929801482608,4.78087282896674,7.38071553702622,7.46636964027334,8.84454221991344,8.18971006253553,
Romania,,,,0.027110103619334,0.072466662927142,0.901968000847024,0.480818671434349,1.7430134668579,5.04917947127772,8.91080575821837,11.5740622383344,12.9885843378808,13.9005504244799,
Russia,0,0,0,0,0.007570559839199,0.237206993327124,0.469240179342549,1.11002444987775,2.03508771929825,3.44827586206896,6.53751320887636,9.09411350017624,11.0758377425044,
Rwanda,,,,0,0,0,0.01274188634304,0.012823679728816,0.018048159352537,0.026188063248034,0.011195418834613,0.021471641479836,0.024849397590361,
Saint Kitts and Nevis,,,,,1.07043459644616,4.28173838578463,9.06412871062769,13.2186362434669,17.6667804300255,19.0268556139134,21.729090837932,25.1198021332509,28.0769230769231,
Saint Lucia,,,,,0,0.871622462956045,2.33941169952104,4.25972129252115,4.98837048567496,7.1285152490822,9.08818711802314,10.7907408481754,11.5977011494253,
Saint Martin,,,,,,,,,,,,,,
Saint Vincent and the Grenadines,0,0,0,0.075009028864586,1.00416088765603,1.05764438783986,1.21585026619752,3.35340903866489,5.15800877724527,7.30973775903172,8.57681950576123,10.5308916527103,11.4697247706422,
Samoa,,,,0,0,0,0.017807555968592,0.03606362733512,0.054213734883772,0.071713455099102,0.088004444224433,0.109648521663807,0.108695652173913,
San Marino,,,,,,2.06803846551546,3.62021398290828,4.02626976007392,4.81755151199505,5.15690005482633,15.7061350086544,31.8887719633917,32.0289211644574,
Sao Tome and Principe,,,0,0,0,0,0,0,0.080660773052849,0.195728293541602,,,0.352727272727273,
Saudi Arabia,0,0,,0.067693100371074,0.16205508698848,0.205879986501523,0.295945074317322,0.282008539037872,0.879761942973219,2.44319204823555,4.00547429878174,5.00888783866526,5.45251748761294,
Senegal,,,,0,0.011972231606013,0.023140514486564,0.072439004751394,0.165821859419708,0.258971960282371,0.332314828298631,0.401777431184862,0.485014080854127,0.632515682805212,
Serbia,,,,,,,,0.45003412953688,1.64239177966231,4.41274150151343,6.2199626378581,8.0672253755631,11.770936771362,
Seychelles,,,,0,0,0,0.423030303030303,1.14354644149578,2.92553191489362,3.35869603565674,3.15101890611344,4.50067584595294,7.21609195402299,
Sierra Leone,,,,,0,0,0,0,0,0,,,,
Singapore,0.254634345080464,0.757824538358552,1.71305146602448,3.64910584823586,6.46551724137931,10.1365801497035,13.0846953224374,15.3828121337147,17.901122370155,19.5310116375365,21.1555151465058,23.4742160558184,24.9911364979318,
Slovak Republic,,,,0,0.075905512045236,0.417521205545312,1.46335173763265,3.36992697792334,5.65000726155259,8.74545468693896,9.61566418686996,11.584600421881,12.7884714548803,
Slovenia,,,,0.276096101523046,2.84452978897284,2.90579952328292,5.76205851542204,9.83017024965083,13.9428203549013,17.07909630835,21.0404508745787,22.7199119072752,24.0173255246462,
Solomon Islands,,,,0,0,0,0.043771434324246,0.095784421196028,0.134575569358178,0.201413925758827,0.293990251283267,0.381588361554973,0.371747211895911,
Somalia,,,,0,0,0,0,0,0,0,0,,,
South Africa,,,,,0.005861645145271,0.044047147209413,0.128576651538695,0.350202037273709,0.702085393404941,0.783301471475331,0.873075662335487,0.975260618631533,1.48626752815507,
Spain,0,,0.18964704657472,1.14586064350316,3.01954982639893,5.05167038920238,7.96738447148343,11.602346671838,15.2757335978213,17.8044492801691,19.8750119523969,21.1435096444034,22.8657767359076,
Sri Lanka,,,,0.001728165944519,0.003093953328132,0.017640815343307,0.104280316914257,0.105833246314886,0.114120826016458,0.31206669564221,0.497816746173976,0.820546880949388,1.09451581975072,
Sudan,,,,0,0,0,0.002114461028283,0.003303799603856,0.00524528022573,0.105266716757111,0.107750422061723,0.382917785168896,0.377709404849375,
Suriname,,,,0,0.019577949397249,0.044371405094495,0.085151935381846,0.221713058839081,0.526031217259211,0.8242899932567,1.11713838614857,1.64755578895128,2.98514285714286,
Swaziland,0,0,0,0,0,0,0,0,0,0,0.074824545164658,0.14412908753063,0.153977272727273,
Sweden,0,0,2.80654802595414,6.59850089253998,9.41180899674822,12.2233981739025,15.6779356183906,27.9304489736612,27.410369797715,30.3410372348682,31.443070914831,31.6356751588829,31.8512262742589,
Switzerland,0,0,0.785273340988969,1.93641531350426,6.24894213983645,10.6809360020526,16.6097332408613,22.4444156100854,27.3944692724441,31.5251372743926,33.4246682815366,35.3720141878096,37.1597112190135,
Syria,,,,0,0,0,0.003332445236678,0.014607131461262,0.02766564227759,0.036148825754007,0.056294562280396,0.173634126042705,0.330434782608696,
Tajikistan,,,,0,0,0.000157810250218,,,,0.055190261803221,0.054667054028624,0.064864323000742,0.068323884285507,
Tanzania,,,,0,0,0,0,0.003850014359652,0.004496086513622,0.005244935952246,0.006115785855888,0.006527322461999,0.007024821034321,
Thailand,0,0,0,0.002524300934919,0.023204393377522,0.068838625236359,0.113532493446185,0.157424869768028,,1.34667816166365,,,4.6130291368884,
Timor-Leste,,,,0,0,0.000966366162581,0.001334669371597,0.002177426618249,0.002792295575078,0.004713557133026,0.006575602292755,0.042822580865125,0.044483985765125,
Togo,,,,0,0,0,0,0,0,0.021246066779873,0.033080386377528,0.045629690577155,0.063901791639018,
Tonga,,,,0,0.011105165921274,0.022075276693525,0.333047484195202,0.639082099756257,0.623129626712868,0.762806344984059,0.700612185404723,0.966006240400313,0.961538461538462,
Trinidad and Tobago,,,,0,0.013522068630645,0.067684227048424,0.322976418830143,0.821279837249294,1.56109656184632,2.67720823853864,6.41956665464599,9.39612331808532,10.8149142431022,
Tunisia,,,0,0,0.000265797033296,0.002632167320474,0.028583222584672,0.175221856615814,0.432913042190385,0.93804461570058,2.20065060170977,3.5711904670677,4.56735235567352,
Turkey,0,0,0,0.016910705001482,0.032400676189354,0.300460813404902,0.859556825921356,2.33298161315792,4.01613511314755,6.79178447529011,8.10714693093553,8.98635964273245,9.73140532219046,
Turkmenistan,,,,,,,,,,,0.001524887381984,0.009337964428179,0.014339547798493,
Turks and Caicos Islands,,,,,,,,,,,,,,
Tuvalu,,,,0,0,0,0.518349574953349,1.54734887559315,2.56884504726675,2.76582667486171,2.96341712650726,,3.25633458837896,
Uganda,,,,0,0,0,0,0.002989672896019,0.004119814978769,0.006130541981111,0.015309805627372,0.018536878610231,0.163966012446146,
Ukraine,,,,,0,0,0,0.275978316595956,1.11140202296541,1.72008424112571,3.45884621537371,4.14025704998339,6.44101066033006,
United Arab Emirates,0,0.012668111360638,0.0650405753635,0.265888538914855,0.51101625315583,0.891719071003208,1.53486482659302,3.17790388585496,5.16049831772302,7.02612374968574,8.98358092637494,9.91110153534862,10.474148029819,
United Kingdom,,,0.089807679122002,0.559924585453465,2.28649389340818,5.22729206479124,10.2290383959903,16.4363086818085,21.4751452711971,25.5892072378005,28.1365569503662,29.5416625256849,31.4626285512277,
United States,0.255896234964873,0.987057769495413,2.50560447613981,4.48919497213302,6.9123113982578,9.56345512964652,12.7567773722455,17.3108211765797,20.1882561718833,23.3063501949849,24.8959231239728,25.7699924949685,27.7108233742472,
Uruguay,,,,0,0,0,0.817752621957203,1.46833234363557,2.80328716601709,4.57413657305592,6.82808786425646,8.99350002899904,10.9466785820673,
Uzbekistan,,,,0,0,0.01078322088589,0.02131920816579,0.031608514541216,0.032614153311815,0.071386035432485,0.241589598022159,0.319569993157345,0.315644041377356,
Vanuatu,,,,0,0,0.007501200192031,0.01118889283473,0.027939574750201,0.043827274404872,0.058459283109314,0.087703526997338,0.213867145729073,0.208333333333333,
Venezuela,0,,0.018399078606392,0.147934585099939,0.309877081681205,0.455702266884786,0.80492593868412,1.34064040335629,1.98833191520846,3.12124586107776,4.76199749418292,4.73818700676438,5.39808906152459,
Vietnam,,,,0,0.001352800586381,0.011408204959959,0.064723095077587,0.254903602832748,0.62003408831755,1.53656387769811,2.4070695928094,3.73633129904098,4.17747561200074,
Virgin Islands (U.S.),,,,0,0,0,1.35706055562668,2.70711678832117,,5.40242758670928,6.75163874726875,8.19485545185522,8.27272727272727,
West Bank and Gaza,,,,0,0,0,0.000521358792985,0.208772880993829,0.73413967291289,1.45212196175289,,,,
"Yemen, Rep.",,,,0,0,0,0,0.007254714026486,0.013063654901548,0.050120768269362,0.114909026302897,0.231479357999717,0.349228786429967,
Zambia,,,0.00020585082951,0.000296655685622,0.000448872026679,0.000831942115845,0.002233654163505,0.002181050769191,0.019906205093486,0.03318019567025,0.046067679665566,0.0841104498628,0.079422913282277,
Zimbabwe,,,,0.006131205410093,0.022581275339986,0.05063047869191,0.071178659705917,0.081021831266806,0.081406870340804,0.121862843009652,0.144560397052799,0.233525883293816,0.262508949168722,