"Roads, paved (% of total roads)",1990,1991,1992,1993,1994,1995,1996,1997,1998,1999,2000,2001,2002,2003,2004,2005,2006,2007,2008,2009,2010,2011
Afghanistan,,,,,,,,,,,,,,,23.6599998474121,27.4594287872314,29.3,,,,,
Albania,,,,,,39,39,39,39,39,39,39,39,,,,,,,,,
Algeria,67,70,66,66.6999969482422,68,68.9000015258789,68.9000015258789,68.9000015258789,68.9000015258789,68.9000015258789,68.9000015258789,,,,70.1999969482422,,,,73.46,74.028686,,
American Samoa,,,,,,,,,,,,,,,,,,,,,,
Andorra,,,,,,,,,,,,,,,,,,,,,,
Angola,,,,,,,,,,10.3999996185303,10.3999996185303,10.3999996185303,,,,,,,,,,
Antigua and Barbuda,,,,,,,,,,,,,32.9599990844727,,,,,,,,,
Argentina,28.5,28.5,28.5,28.6000003814697,28.7000007629395,29.1000003814697,29.1000003814697,29.5,29.5,29.3999996185303,29.3999996185303,,,30,,,,,,,,
Armenia,99.1999969482422,96.5999984741211,96.6999969482422,96.6999969482422,97,96.6999969482422,96.6999969482422,96.8000030517578,96.8000030518,,,,,91.2699966430664,90.120002746582,89.9700012207031,88.9789962768555,89.04,90.52,93.562622,,
Aruba,,,,,,,,,,,,,,,,,,,,,,
Australia,35,35.7000007629395,36.4000015258789,37.0999984741211,37.9000015258789,38.5999984741211,38.7000007629395,,38.7000007629395,,,,,,41.57,,,42.55,42.7,43.45,,
Austria,100,100,100,100,100,100,100,100,100,100,100,100,100,100,,100,100,100,100,100,,
Azerbaijan,,,,,,,,,,,,,,,49.3899993896484,,50.6025461826149,,,,,
Bahamas,52,53,54.0999984741211,55.0999984741211,56.2999992370605,57.4000015258789,57.4000015258789,57.4000015258789,57.4000015258789,57.4000015258789,57.4000015258789,57.4000015258789,,,,,,,,,,
Bahrain,75.4000015258789,75.3000030517578,78.8000030517578,,,,75.8000030517578,76.5,76.9000015258789,77.4000015258789,77.5999984741211,75.3000030517578,78.9000015258789,79.129997253418,79.7391063003053,80.3128371089536,80.8046279253221,81.0438847052714,81.4814814814815,82.121,,
Bangladesh,,7.19999980926514,6.59999990463257,6.90000009536743,9.30000019073486,7.90000009536743,8.39999961853027,9.5,9.52999973297119,9.52999973297119,9.52999973297119,,,9.5,,,,,,,,
Barbados,86.8000030517578,88.5,90.3000030517578,92.0999984741211,93.9000015258789,95.8000030517578,95.9000015258789,,98.5999984741211,98.5999984741211,98.5999984741211,98.5999984741211,98.5999984741211,100,100,,,,,,,
Belarus,,95.8000030517578,96.3000030517578,98,98.4000015258789,98.5999984741211,98.8000030517578,98.1999969482422,95.5999984741211,,,,,86.4000015258789,87,88.6399993896484,,,,,,
Belgium,,81.1999969482422,81.1999969482422,81.1999969482422,80.5999984741211,80.6999969482422,80.6999969482422,80.6999969482422,78.1999969482,78.1999969482422,78.1999969482422,78.3000030517578,78.1999969482422,78,78,78.2119979858398,78.2080001831055,78.2,78.2,78.22,,
Belize,,,,,,,19,16,17,17,17,17,,,,,,,,,,
Benin,20,20,20,20,20,20,20,20,20,,,,,,9.5,,,,,,,
Bermuda,,,,,,,,,,,,,,,,,,,,,,
Bhutan,77.0999984741211,79.0999984741211,77.0999984741211,74.5,65.1999969482422,63.7000007629395,60.7000007629395,60.7000007629395,,,,,,62,,,,,,,,
Bolivia,4.30000019073486,4.40000009536743,4.19999980926514,4,4.69999980926514,5.5,5.5,5.69999980926514,6,6.40000009536743,6.59999990463257,6.69999980926514,6.69999980926514,7,7.342,6.913,6.928,6.812,7.885,7.8851,,
Bosnia and Herzegovina,54,54.2000007629395,53,52.5999984741211,52.5,52.2999992370605,52.2999992370605,52.2999992370605,52.2999992371,52.2999992370605,,,,,,52.2999992370605,,,,,,
Botswana,32,34,19.8999996185,21.1000003815,22.2000007629,,,,,,,,35.2999992371,35.1399993896484,33.2000007629395,32.5999984741211,,,,,,
Brazil,9.69999980926514,8.60000038146973,8.60000038146973,12.3000001907349,8.10000038146973,8.89999961853027,9.30000019073486,9.10000038146973,9.60000038146973,5.59999990463257,5.5,,,,,,,,,,,
Brunei,31.3999996185,32,32.5999984741,33.2999992371,33.9000015259,34.5999984741,,34.7000007629,34.7000007629,34.7000007629,34.7000007629395,,,,79.098,78.411,78.025,80.055,81.118,,,
Bulgaria,91.5999984741211,91.8000030517578,91.8000030517578,91.9000015258789,91.9000015258789,92,92,92,92.0999984741211,,,,,,,98.4000015258789,,,,,,
Burkina Faso,16.6000003814697,17.1000003814697,17.6000003814697,18.2000007629395,18.7000007629395,16,16,16,16,16,,,,,4.17000007629395,,,,,,,
Burundi,,,,,,,,,,7.09999990463257,7.09999990463257,,,,10.4399995803833,,,,,,,
Cambodia,7.5,7.5,7.5,7.5,7.5,7.5,7.5,7.5,,,,,,,6.28999996185303,,,,,,,
Cameroon,10.5,10.8999996185303,11.3000001907349,11.6999998092651,12.1000003814697,12.5,12.5,12.5,12.5,12.5,8.10000038146973,,,,8.36999988555908,,17.36,,17.04,,,
Canada,35,37,35.2000007629395,,,35.2999992370605,,,,,,,,,39.8699989318848,,,,,,,
Cape Verde,78,78,78,78,78,78,78,78,78,78,69.0400009155273,69.0400009155273,,,,,,,,,,
Cayman Islands,,,,,,,,,,,,,,,,,,,,,,
Central African Rep.,,,,,2.09999990463257,2.09999990463257,2.09999990463257,2.40000009536743,2.70000004768372,,,,,,,,,,,,,
Chad,0.800000011920929,0.800000011920929,0.800000011920929,0.800000011920929,0.800000011920929,0.800000011920929,0.800000011920929,0.800000011920929,0.800000011920929,0.800000011920929,0.800000011920929,,,,,,,,,,,
Channel Islands,,,,,,,,,,,,,,,,,,,,,,
Chile,13.8000001907349,13.8000001907349,13.8000001907349,13.8000001907349,13.8000001907349,15.8999996185303,16.7000007629395,17.2000007629395,18.2999992370605,18.8999996185303,18.3999996185303,20.2000007629395,,,26.274,21.038,21.321,21.429,21.826,22.453,,
China,,,,,,,,,,,,,,,,40.7999992370605,44.0999984741211,49.6,53.5,,,
Colombia,11.8999996185303,11.8999996185303,11.8999996185303,11.8999996185303,11.8999996185303,9.19999980926514,11.8999996185303,12,14.3000001907349,14.3999996185303,,,,,,,,,,,,
Comoros,69.3000030517578,70.6999969482422,72.0999984741211,73.5,75,76.5,,,76.5,76.5,76.5,76.5,,,,,,,,,,
"Congo, Dem. Rep.",,,,,,,,,,,,,,,1.82000005245209,,,,,,,
"Congo, Rep.",9.69999980926514,9.69999980926514,9.69999980926514,9.69999980926514,9.69999980926514,9.69999980926514,9.69999980926514,9.69999980926514,9.69999980926514,9.69999980926514,9.69999980926514,,,,5,,7.12941176470588,,,,,
Costa Rica,15.3000001907349,15.8000001907349,15.8000001907349,16.2999992370605,16.2999992370605,16.7000007629395,17,17,21,22,22,22,22,24.6000003814697,24.3999996185303,,25.2000007629395,25.5333660719158,25.28,25.95,,
Cote d'Ivoire,8.69999980926514,8.89999961853027,9.10000038146973,9.19999980926514,9.39999961853027,9.60000038146973,9.69999980926514,9.69999980926514,9.69999980926514,9.69999980926514,9.69999980926514,,,,8.11999988555908,,,7.92965510512708,,,,
Croatia,,,,,,,81.5,81.5,84.4000015259,84.5999984741,85.4,84.9277453580902,,,,,,89.1314828844962,86.88,90.51,,
Cuba,50.5,51.5,52.5999984741211,53.5999984741211,54.7000007629395,55.7999992370605,55.9000015258789,49,49,49,49,49,,,,,,,,,,
Cyprus,59.5999984741211,59.0999984741211,58.4000015258789,57.4000015258789,57.2000007629395,57,57.2000007629395,57.2999992370605,59.2000007629395,59.5999984741211,60.5999984741211,61.2000007629395,62.2000007629395,62.9500007629395,63,64.5899963378906,65.0500030517578,64.0372366487016,64.61,64.94,,
Czech Rep.,100,100,100,100,100,100,100,,100,100,100,100,100,100,100,,,,,,,
Denmark,100,100,100,100,100,100,100,100,100,100,100,100,100,100,100,100,100,100,100,100,,
Djibouti,,,,,,,,,,,45,45,,,,,,,,,,
Dominica,45.5999984741211,46.5,47.4000015258789,48.4000015258789,49.2999992370605,50.2999992370605,50.4000015258789,50.4000015258789,50.4000015258789,50.4000015258789,50.4000015258789,50.4000015258789,,,,,,,,,,
Dominican Rep.,44.7000007629,45.5,46.5,47.4000015259,48.2999992371,49.2999992371,49.4000015259,,,49.4000015259,49.4000015258789,49.4000015258789,,,,,,,,,,
Ecuador,13.3999996185303,13.6000003814697,14,14.1999998092651,,12.6999998092651,13.3000001907349,18.8999996185303,18.8999996185303,18.8999996185303,18.8999996185303,16.8700008392334,16.8700008392334,14.9399995803833,14.9700002670288,,14.8156633377075,14.8156629264942,,,,
Egypt,72,72,73,72,75,78,78.0999984741211,78.0999984741211,78.0999984741211,78.0999984741211,78.0999984741211,,,,81,,,,86.89,89.356,,
El Salvador,14.3999996185303,14.1999998092651,14.1999998092651,19.8999996185303,20,20,19.8999996185303,19.7999992370605,19.7999992370605,19.7999992370605,19.7999992370605,19.7999992370605,,,,,,,,,,
Equatorial Guinea,,,,,,,,,,,,,,,,,,,,,,
Eritrea,19.3999996185303,19.7999992370605,20.2000007629395,20.6000003814697,21,21.3999996185303,21.7999992370605,21.7999992370605,21.7999992370605,21.7999992370605,21.7999992370605,21.7999992370605,,,,,,,,,,
Estonia,51.7999992370605,52.4000015258789,54.4000015258789,54.5,50.2999992370605,54,53.2000007629395,50.7999992370605,22.1000003814697,21.2999992370605,20.1000003814697,19.7000007629395,24.7999992370605,23.3999996185303,22.1399993896484,22.6700000762939,,28.6024494050204,,,,
Ethiopia,15,15,15,15,15,15.5,15.3000001907349,15.3000001907349,14,13.3000001907349,12,12,12,12.8999996185303,19.1399993896484,11.0479112579655,11.6315475598847,13.6747897833585,,,,
Faeroe Islands,,,,,,,,,,,,,,,,,,,,,,
Fiji,44.5,45.4000015258789,46.2999992370605,47.2000007629395,48.2000007629395,49.0999984741211,49.2000007629395,49.2000007629395,49.2000007629395,49.2000007629395,49.2000007629395,49.2000007629395,,,,,,,,,,
Finland,61,61,62,62,63,63,64,64,64,64.5,62,64,64,64.5999984741211,64.6999969482422,65.0400009155273,65.2753322101316,65.3627248412326,65.47,,,
France,,,,,,,100,100,100,100,100,100,100,100,100,100,100,100,100,100,,
French Polynesia,,,,,,,,,,,,,,,,,,,,,,
Gabon,8.19999980926514,8.19999980926514,8.19999980926514,8.19999980926514,8.19999980926514,8.19999980926514,9.89999961853027,9.89999961853027,9.89999961853027,9.89999961853027,9.89999961853027,,,,10.210000038147,,,11.974,,,,
Gambia,,,,,,,,,,,,,,19.3199996948242,19.3199996948242,,,,,,,
Georgia,93.8000030517578,93.8000030517578,93.8000030517578,93.5999984741211,93.5,93.5,93.5,93.6999969482422,93.4000015258789,,,,,,,,94.067588174529,94.067588174529,,,,
Germany,99,99,99,99,99,99,99.0999984741211,,,,,,,100,,,,,,,,
Ghana,19.6000003814697,23,23.5,23.8999996185303,24.3999996185303,24.8999996185303,24.1000003814697,,,29.6000003814697,29.6000003814697,18.3999996185303,,17.9200000762939,,14.9302930831909,,,16.15,12.59,,
Gibraltar,,,,,,,,,,,,,,,,,,,,,,
Greece,91.6999969482422,91.6999969482422,91.6999969482422,91.6999969482422,91.6999969482422,91.6999969482422,91.8000030517578,91.8000030517578,91.8000030518,91.8000030517578,91.8000030517578,,,,,,,,,,,
Greenland,,,,,,,,,,,,,,,,,,,,,,
Grenada,55.4000015258789,56.5,57.7000007629395,58.7999992370605,60,61.2000007629395,61.2999992370605,61.2999992370605,61.2999992370605,60.9599990844727,60.9599990844727,60.9599990844727,,,,,,,,,,
Guam,,,,,,,,,,,,,,,,,,,,,,
Guatemala,24.8999996185303,25.3999996185303,25.8999996185303,26.3999996185303,26.8999996185303,26,25.7999992370605,26.3999996185303,31,34.5,34.5,34.5,,,,,,,,,,
Guinea,15.1999998092651,15.1999998092651,15.5,15.8000001907349,16.1000003814697,16.3999996185303,16.5,16.5,16.5,16.5,16.5,,,9.78999996185303,,,,,,,,
Guinea-Bissau,8.30000019073486,8.69999980926514,9.10000038146973,9.39999961853027,9.80000019073486,10.1999998092651,10.3000001907349,10.3000001907349,10.3000001907349,,,,27.9400005340576,,,,,,,,,
Guyana,6.59999990463257,6.80000019073486,6.90000009536743,7,7.19999980926514,7.30000019073486,7.40000009536743,7.40000009536743,7.40000009536743,7.40000009536743,7.40000009536743,7.40000009536743,,,,,,,,,,
Haiti,21.8999996185303,22.3999996185303,22.7999992370605,23.2999992370605,23.7999992370605,24.2000007629395,24.2999992370605,24.2999992370605,24.2999992370605,24.2999992370605,24.2999992370605,24.2999992370605,,,,,,,,,,
Honduras,21.1000003814697,21.5,19,19.3999996185303,19.7999992370605,20.3999996185303,20.3999996185303,20.3999996185303,20.3999996185303,20.3999996185303,20.3999996185303,20.3999996185303,,,,,,,,,,
"Hong Kong, China",100,100,100,100,100,100,100,,,100,,,,100,100,100,100,100,100,100,,
Hungary,,,44.0999984741,44.0999984741,44.0999984741,44.0999984741,43.0999984741,43.4000015259,43.4000015259,,,43.7000007629395,43.9000015258789,43.9000015258789,,,38.0408202605793,37.7163177821264,37.65,37.968,,
Iceland,19.8999996185303,20.7999992370605,22.1000003814697,23.7000007629395,24.7000007629395,24.7999992370605,25.8999996185303,25.7000007629395,27.1000003814697,28.1000003814697,29.5,30.6000003814697,31.5,,34.4000015258789,35.3899993896484,35.8600006103516,36.6416309012876,37.343,38.413,,
India,,47.2999992370605,51.9000015258789,54.4000015258789,54.9000015258789,55.4000015258789,54.7000007629395,56.5,57,46.6699981689453,47.4599990844727,47.7400016784668,47.4000015258789,,48.62,46.99,47.72,48.24,49.544,,,
Indonesia,45.0999984741211,45.2999992370605,53.5999984741211,53.7999992370605,53.7999992370605,52.4000015258789,46.2999992370605,56.4000015258789,47.2999992371,46.2999992371,57.0999984741,58.9000015258789,58,58.3264960217642,55.322,55.4242996964264,53.005378446599,60.8604267735775,59.1064946694414,56.94078,,
Iran,,,,,47.2000007629395,49.9000015258789,52.0999984741211,56.7999992370605,56.2999992370605,,,64.8000030517578,66.3000030517578,67.3600006103516,,71.0243159504031,73.2973419544351,,,,,
Iraq,77.9000015258789,79.4000015258789,81,82.5999984741211,84.3000030517578,86,86,,84.3000030517578,84.3000030517578,84.3000030517578,84.3000030517578,,,,,,,,,,
Ireland,94,94,94,94,94,94,94.0999984741211,94.0999984741211,100,100,100,100,100,100,,,,100,100,,,
Isle of Man,,,,,,,,,,,,,,,,,,,,,,
Israel,100,100,100,100,100,100,100,100,100,100,100,,100,100,100,100,100,100,100,100,,
Italy,100,100,100,100,100,100,100,100,100,100,100,,,100,,,,,,,,
Jamaica,64,65.1999969482422,66.5,67.9000015258789,69.1999969482422,70.5999984741211,70.6999969482422,,70.0999984741211,70.0999984741211,70.0999984741211,,,73.25,73.2799987792969,73.2799987792969,,,,,,
Japan,69.1999969482422,70.0999984741211,71.0999984741211,72.0999984741211,73,73.5999984741211,74.3000030517578,74.9000015258789,76,76.0999984741211,76.5999984741211,77.0999984741211,77.6999969482422,78.2198,,79,79.2866134643555,79.6003330557868,79.86,80.11,,
Jordan,100,100,100,100,100,100,100,,,100,,,,100,100,100,100,100,100,100,,
Kazakhstan,55.0999984741,68.6999969482,70.5999984741,70.4000015259,73.5,76.3000030518,80.5,82.8000030518,86.5,,,,,93.9700012207031,93.4300003051758,91.1600036621094,91.4343129866868,90.2580458103798,89.88,88.49,,
Kenya,12.8000001907349,13.3000001907349,13.8000001907349,14.3000001907349,13.6000003814697,13.8000001907349,12.1000003814697,12.1000003814697,12.1000003814697,12.1000003814697,12.1000003814697,,,,14.1199998855591,,,,14.59,14.33,,
Kiribati,,,,,,,,,,,,,,,,,,,,,,
"Korea, Dem. Rep.",5.69999980926514,5.80000019073486,6,6.09999990463257,6.19999980926514,6.30000019073486,6.40000009536743,6.40000009536743,6.40000009536743,6.40000009536743,6.40000009536743,,,,,,2.83321595191956,,,,,
"Korea, Rep.",71.5,76.4000015258789,80.8000030517578,84.6999969482422,77.8000030517578,76,72.6999969482422,74,74.5,74.5,74.5,76.6999969482422,76.6999969482422,76.8899993896484,86.7600021362305,76.8199996948242,77.5,78.3,78.51,79.25,,
Kosovo,,,,,,,,,,,,,,,,,,,,,,
Kuwait,72.9000015258789,74.4000015258789,75.9000015258789,77.4000015258789,78.9000015258789,80.5,80.5999984741211,80.5999984741211,80.5999984741211,80.5999984741211,80.5999984741211,,,84.4000015258789,85,,,,,,,
Kyrgyzstan,90,90,91,91,91,91,91.0999984741,91.0999984741,91.0999984741,91.0999984741211,91.0999984741211,91.0999984741211,,,,,,,,,,
Laos,24,16,16,16,16,13.8000001907349,,,,,,,14.0699996948242,14.4099998474121,,13.4,12.9,13.06,13.54,13.68,,
Latvia,,,,,,,,,,,,,100,100,,,,,20.42,20.91,,
Lebanon,95,95,95,95,95,95,95,,,84.9000015258789,,,,,,,,,,,,
Lesotho,18,17,16,15,15,17.8999996185303,17.8999996185303,16.7999992370605,17.2999992370605,18.2999992370605,18.2999992370605,18.2999992370605,,,,,,,,,,
Liberia,5.5,5.59999990463257,5.69999980926514,5.90000009536743,6,6.09999990463257,6.19999980926514,6.19999980926514,6.19999980926514,6.19999980926514,6.19999980926514,6.19999980926514,,,,,,,,,,
Libya,51.7000007629395,52.7000007629395,53.7999992370605,54.9000015258789,56,57.0999984741211,,,,57.2000007629395,57.2000007629395,57.2000007629395,,,,,,,,,,
Liechtenstein,,,,,,,,,,,,,,,,,,,,,,
Lithuania,,,,,,,,,,,,,,,,28.2999992370605,28.3894278855771,28.605587561172,29.22,29.43,,
Luxembourg,99.0999984741211,99.0999984741211,99.0999984741211,97.8000030517578,99.0999984741211,99,100,99,100,100,100,100,100,100,100,,,,,,,
"Macao, China",100,100,100,100,100,100,100,100,100,100,100,100,100,100,100,100,100,100,100,100,,
"Macedonia, FYR",58.9000015258789,59.2000007629395,59.7000007629395,60,61.5999984741211,63.2999992370605,63.7999992370605,63.7999992370605,63.7999992370605,63.7999992370605,,,,51.74,52.87,55.62,54.34,56.16,56.54,57.56,,
Madagascar,15.3999996185,15.3999996185,15.3999996185,11.5,,11.5,11.6000003815,,,11.6000003815,11.6000003814697,11.6000003814697,,,,,,,,,,
Malawi,,,,,,,,,,,,,,45.0200004577637,,,,,,,,
Malaysia,69.9786977864221,71.3122235484097,73.2897323059262,74.1273719085707,73.9482415394824,73.9198086939431,73.9910888867519,74.4553897232706,75.5828830320454,75.3176885261107,76.1848145082399,77.885927535021,,80.8499984741211,81.3199996948242,,,,,,,
Maldives,,,,,,,,,,,,,,,,100,,,,,,
Mali,10.8999996185303,11.1000003814697,11.3000001907349,11.5,11.8000001907349,12,12.1000003814697,12.1000003814697,12.1000003814697,12.1000003814697,12.1000003814697,,,,18,19.0355329949239,,,25.05,24.57,,
Malta,,,,,95,95,95,95,95,,88,88,90,87.5299987792969,87.5299987792969,,,,87.53,,,
Marshall Islands,,,,,,,,,,,,,,,,,,,,,,
Mauritania,,,,,,,,,,,,,,,32.618025751073,30.2999992370605,26.848,26.848,,,,
Mauritius,93,93,93,93,93,93,95,95,96,96,97,98,98,100,100,100,98.0207817911925,98.0276134122288,98,98,,
Mayotte,,,,,,,,,,,,,,,,,,,,,,
Mexico,35.0999984741,,35.5,36,31,31.2999992371,31.7999992371,29.7000007629,34.2999992371,32.7999992371,32.7999992371,,33.5,35.7599983215332,36.310001373291,36.9799995422363,33.47,34.96,35.28,,,
"Micronesia, Fed. Sts.",15.8999996185303,16.2999992370605,16.6000003814697,16.8999996185303,17.2999992370605,17.6000003814697,17.7000007629395,17.5,17.5,17.5,17.5,17.5,,,,,,,,,,
Moldova,87.0999984741211,86.0999984741211,85.0999984741211,86.4000015258789,86.5999984741211,87.3000030517578,86.9000015258789,86.9000015258789,87,87,86.0999984741211,,86,86.1999969482422,86.1999969482422,86.25,85.5,85.6997255978048,85.8,85.8,,
Monaco,100,100,100,100,100,100,100,100,100,100,100,100,,,,,100,100,100,100,,
Mongolia,,,,,2.59999990463257,3.29999995231628,3.29999995231628,3.40000009536743,3.40000009536743,3.5,3.5,3.5,3.5,,,,,,,,,
Montenegro,,,,,,,,,,,,,,,,,,,,,,
Morocco,49.0999984741211,49.5,49.5,49.5999984741211,50.2000007629395,50.2000007629395,50.2000007629395,52.2999992370605,52.2999992370605,56.2999992370605,56.4199981689453,56.4199981689453,56.4199981689453,56.9000015258789,56.9000015258789,61.8899993896484,61.8899993896484,61.98,62.04,70.32,,
Mozambique,16.7999992370605,17.2000007629395,17.5,17.7999992370605,18.2000007629395,18.6000003814697,18.7000007629395,18.7000007629395,18.7000007629395,18.7000007629395,18.7000007629395,18.7000007629395,,,,,,,20.78,20.78,,
Myanmar,10.8999996185303,11.1999998092651,11.3999996185303,11.6000003814697,11.8999996185303,12.1000003814697,12.1999998092651,,,11.4399995803833,11.4399995803833,,,,,11.8500003814697,,,,,,
Namibia,10.8000001907349,10.8999996185303,10.8999996185303,7.30000019073486,7.90000009536743,7.90000009536743,11.3999996185303,13.1999998092651,13.5,13.6000003814697,,,12.8000001907349,,,,,,,14.72,,
Nepal,37.5,38.2000007629,39,39.7000007629,40.5,41.4000015259,41.5,,,,,,,53.9000015258789,55.66,56.07,55.85,55.13,53.94,,,
Netherlands,88,88,88,88,89,90,90,90,90,90,90,,,,,,,,,,,
New Caledonia,,,,,,,,,,,,,,,,,,,,,,
New Zealand,57,58,58,58,58,60.4000015258789,60.7999992370605,61.2999992370605,61.2999992370605,61.9000015258789,62.7999992370605,63,64,64.3300018310547,64.5,64.8899993896484,64.9573699337079,65.4066220079362,65.89,66.2,,
Nicaragua,10.5,10.5,10.5,10.6000003815,10.6999998093,10,,,,,11.0600004196,11.3599996567,11.3599996567,,,,,12,11.67,11.62,,
Niger,29,,,,,,,,,,,25.6599998474,25.6599998474,24.9500007629395,20.4500007629395,20.6100006103516,20.5,20.65,20.65,,,
Nigeria,,,,,,,,,,,,,,,15,,,,,,,
Northern Mariana Islands,,,,,,,,,,,,,,,,,,,,,,
Norway,69,69.8000030517578,70.1999969482422,71,72.5,73.5,72,74,74.5,75.5,76,77,77.5,,,,79.5910460611278,80.45,,80.7,,
Oman,21,21.6000003814697,21.2000007629395,21.5,19.7000007629395,20.3999996185303,30,30,30,30,30,27.6599998474121,,33.2151395492519,36.7074955704491,39.6562445588638,42.1122159773262,41.2509718868928,43.46,46,,
Pakistan,54,53,53,54,54,45,44,44,53,55,56,59,,60,64.6999969482422,,65.3601837158203,,,,,
Palau,,,,,,,,,,,,,,,,,,,,,,
Panama,32,32.2000007629395,32.4000015258789,32.7000007629395,33.4000015258789,33.5,33.5999984741211,29.3999996185303,28.1000003814697,34.5999984741211,34.5999984741211,34.5999984741211,,,,,34.1226344721187,36.65,38.14,41.96,,
Papua New Guinea,3.20000004768372,3.20000004768372,3.29999995231628,3.29999995231628,3.29999995231628,3.40000009536743,3.5,3.5,3.5,3.5,3.5,3.5,,,,,,,,,,
Paraguay,,,,,,,,,,,50.7999992370605,50.7999992370605,,,,,,,,,,
Peru,9.89999961853027,10,10.3000001907349,10.5,10.8999996185303,11.3999996185303,11.6000003814697,11.8000001907349,12.9700002670288,13.039999961853,13.3500003814697,13.3599996566772,14.3999996185303,13.1099996566772,14.3999996185303,,13.8809409262401,,,,,
Philippines,,,,,16.6000003814697,16.7000007629395,17.3999996185303,17.7000007629395,19.7999992370605,20,,,9.5,9.89999961853027,,,,,,,,
Poland,61.5999984741211,63.4000015258789,64.0999984741211,64.5,64.9000015258789,65.3000030517578,65.4000015258789,65.6999969482422,65.5999984741211,65.5999984741211,68.3000030517578,68.3000030517578,,69.6600036621094,,66.5284793169871,66.7883467314698,67.5910728825847,68.1512924678827,69.87,,
Portugal,,,,,86,,,,,86,86,,,,86,,,,,,,
Puerto Rico,,,,,,,,,,,94,94,,,95,,,,,,,
Qatar,85.5999984741211,86.5,87.3000030517578,88.1999969482422,89.0999984741211,90,90,90,90,90,90,,,,,,,,,,,
Romania,,51,51,51,51,51,52.2999992370605,52.7999992370605,53.0999984741,53,49.5,50.5,50.4000015258789,30.2000007629395,30.2000007629395,,,,,,,
Russia,74.1999969482422,75.8000030517578,,,,,,,67.1999969482422,67.4000015258789,,,,,,84.4000015258789,80.9199981689453,80.06,,,,
Rwanda,9,9.1999998093,9.3999996185,9.6000003815,9.6999998093,9.8999996185,,,,,,,,,19,,,,,,,
Saint Kitts and Nevis,38.5,39.2999992370605,40,40.7999992370605,41.7000007629395,42.5,42.5,42.5,42.5,42.5,,,,,,,,,,,,
Saint Lucia,,,,,,,,,,,,,,,,,,,,,,
Saint Martin,,,,,,,,,,,,,,,,,,,,,,
Saint Vincent and the Grenadines,,,,,,,,,63,65,68,70,70,70,,,,,,,,
Samoa,,,,,,,,,,,,14.210000038147,,,,,,,,,,
San Marino,,,,,,,,,,,,,,,,,,,,,,
Sao Tome and Principe,61.5999984741211,62.7999992370605,64.0999984741211,65.4000015258789,66.6999969482422,68,68.0999984741211,68.0999984741211,68.0999984741211,68.0999984741211,68.0999984741211,68.0999984741211,,,,,,,,,,
Saudi Arabia,40.5999984741211,39.5,40,40.9000015258789,41.7999992370605,30.1000003814697,29.7999992370605,30.1000003814697,,,29.8999996185303,,,,,21.4699993133545,,,,,,
Senegal,27.2000007629395,27.7999992370605,28.2999992370605,28.2999992370605,28.3999996185303,28.5,29.2999992370605,29.2999992370605,29.2999992370605,29.2999992370605,29.2999992370605,,,29.2600002288818,,,,,,32,,
Serbia,,,,,,,,,,,62.7000007629395,,,,,,,,47.74,63.16,,
Seychelles,56.9000015258789,58,59.0999984741211,60.2999992370605,61.5,62.7999992370605,80.3000030517578,84.5,,,,,,96,,95.9839357429719,96.0159362549801,96.4566929133858,96.4566929133858,96.46,,
Sierra Leone,10.6000003814697,10.8000001907349,11,11,11,8,8,8,8,7.90000009536743,7.90000009536743,,8,,,,,,,,,
Singapore,97.0999984741211,97.0999984741211,97.0999984741211,97.1999969482422,97.1999969482422,97.3000030517578,97.3000030517578,97.3000030517578,100,100,100,100,100,100,100,100,100,100,100,100,,
Slovak Republic,,,,,,85.8000030518,85.8000030518,86.5999984741,86.6999969482,,87,87,87.3000030517578,87.3099975585938,87.3099975585938,87.0199966430664,87.0299987792969,,87.05,87.06,,
Slovenia,72,74,75,77,79,80.1999969482422,81.1999969482422,81.6999969482422,100,,100,100,100,100,100,100,100,100,100,100,,
Solomon Islands,2.09999990463257,2.20000004768372,2.20000004768372,2.29999995231628,2.29999995231628,2.40000009536743,2.5,2.5,2.5,2.44000005722046,2.44000005722046,2.44000005722046,,,,,,,,,,
Somalia,11.1000003814697,11.3000001907349,11.5,11.8000001907349,11.8000001907349,11.8000001907349,11.8000001907349,11.8000001907349,11.8000001907349,11.8000001907349,11.8000001907349,11.8000001907349,,,,,,,,,,
South Africa,,,,,,,19.7000007629395,19.7000007629395,19.7000007629395,20.2999992370605,20.2999992370605,17.2999992370605,,,,,,,,,,
Spain,,99,99,99,99,99,99,99,99,99,99,99,,99,,,,,,,,
Sri Lanka,,,,,,,,,,,,,85.8399963378906,81,,,,,,,,
Sudan,33.7999992370605,33.7000007629395,33.7000007629395,34.5,35.4000015258789,36.2000007629395,36.2999992370605,36.2999992370605,36.2999992370605,36.2999992370605,36.2999992370605,36.2999992370605,,,,,,,,,,
Suriname,24,24.5,26,26,26,26,26,,,26,26,26,26,26.25,,,,,,,,
Swaziland,,,,,28.2000007629,,,,,,,,29.9899997711,,,,,,,,,
Sweden,,,,,,,,,,,,,,31.1599998474121,30.5100002288818,31.4799995422363,31.6546728840434,31.6627053355033,23.58,24.36,,
Switzerland,,,,,,,,,,,,,,100,100,100,100,100,100,100,,
Syria,,,,,,,,,,,,,,93.6,94.58,95.15,95.75,92.98,91.28,90.25,,
Tajikistan,71.5999984741211,74.0999984741211,76.6999969482422,78.6999969482422,80.6999969482422,82.6999969482422,,,,,,,,,,,,,,,,
Tanzania,,,,,,,,,,,,,,8.63000011444092,,,,,7.38,6.67,,
Thailand,,88.4000015258789,89.6999969482422,92.8000030517578,94.6999969482422,97.4000015258789,97.5,97.5,97.5,97.5,98.5,,,,,,,,,,,
Timor-Leste,,,,,,,,,,,,,,,,,,,,,,
Togo,21.2000007629395,21.6000003814697,31,31.6000003814697,31.6000003814697,31.6000003814697,31.6000003814697,31.6000003814697,31.6000003814697,31.6000003814697,31.6000003814697,31.6000003814697,,,,,,21,,,,
Tonga,,,,,,27,27,27,27,27,27,27,,,,,,,,,,
Trinidad and Tobago,46.2000007629395,47.0999984741211,48.0999984741211,49,50,51,51.0999984741211,51.0999984741211,51.0999984741211,51.0999984741211,51.0999984741211,51.0999984741211,,,,,,,,,,
Tunisia,76.0999984741211,75.5,74.5999984741211,76,77.4000015258789,78.8000030517578,78.9000015258789,78.9000015258789,63.7000007629395,63.7999992370605,68.4000015258789,65.4000015258789,,,65.8000030517578,,,,75.18,75.18,,
Turkey,,,,,,23,25,25,28,34,,,,,,,,,88.45,88.74,,
Turkmenistan,73.5,75,76.5,78,,,,,,81.1999969482422,81.1999969482422,81.1999969482422,,,,,,,,,,
Turks and Caicos Islands,,,,,,,,,,,,,,,,,,,,,,
Tuvalu,,,,,,,,,,,,,,,,,,,,,,
Uganda,,,,,,,,,,,,,,23,,,,,,,,
Ukraine,93.6999969482422,94.1999969482422,94.5999984741211,94.9000015258789,94.4000015258789,94.8000030517578,95,95,96.5,96.5999984741211,96.6999969482422,96.6999969482422,96.8000030517578,96.4000015258789,97.1999969482422,97.4199981689453,97.6647506859684,97.751177533024,97.82,97.82,,
United Arab Emirates,94.1999969482422,96.0999984741211,98,100,100,100,100,100,100,100,100,,,,,,,,,,,
United Kingdom,100,100,100,100,100,100,100,100,100,100,100,100,100,100,100,100,100,100,100,100,,
United States,,,,,,,,,,,,,,66.1999969482422,64.5,65.3399963378906,,65.12,67.37,,,
Uruguay,,,,,,,,,,,,,,,9.96000003814697,,,,,,,
Uzbekistan,79,80.5,,83.8000030517578,85.5,87.1999969482422,87.3000030517578,,87.3000030517578,87.3000030517578,87.3000030517578,87.3000030517578,,,,,,,,,,
Vanuatu,21.6000003814697,22,22.5,22.8999996185303,23.3999996185303,23.7999992370605,23.8999996185303,23.8999996185303,23.8999996185303,23.8999996185303,23.8999996185303,23.8999996185303,,,,,,,,,,
Venezuela,35.5999984741211,36.2999992370605,37,37.7999992370605,35.4000015258789,35.4000015258789,35.4000015258789,33.5999984741211,33.5999984741211,33.5999984741211,33.5999984741211,33.5999984741211,,,,,,,,,,
Vietnam,23.5,23.8999996185303,24.3999996185303,24.8999996185303,25.3999996185303,25.8999996185303,25.1000003814697,25.1000003814697,25.1000003815,,,,,,43.8930102869124,,46.9623826105308,47.6241340754205,,,,
Virgin Islands (U.S.),,,,,,,,,,,,,,,,,,,,,,
West Bank and Gaza,,,,,,,,,,,,,100,100,100,100,100,,,91.73,,
"Yemen, Rep.",9.10000038146973,9.10000038146973,9.39999961853027,9.5,8.10000038146973,7.90000009536743,8.10000038146973,,,,,,,,,8.69999980926514,,,,,,
Zambia,16.6000003814697,16.8999996185303,17.2999992370605,17.6000003814697,18,,,,,,,22,,,,,,,,,,
Zimbabwe,14,15,16,17,54.9000015259,48,47.4000015259,47.4000015259,47.4000015259,,,,19,,,,,,,,,