Total above 15 employment to population (%),1991,1992,1993,1994,1995,1996,1997,1998,1999,2000,2001,2002,2003,2004,2005,2006,2007
Afghanistan,56.7000007629394,56.5,56.5999984741211,56.2000007629394,56.2000007629394,56.0999984741211,56.2000007629394,56.2000007629394,56.0999984741211,56.0999984741211,56.5,56.4000015258789,54.4000015258789,56,54,56,55.7000007629394
Albania,52.7000007629394,52.2999992370606,52.4000015258789,52.7000007629394,52.7999992370606,52.5999984741211,52.4000015258789,52.0999984741211,52.0999984741211,51.9000015258789,51.7999992370606,51.7999992370606,51.7999992370606,51.7000007629394,51.5,51.4000015258789,51.4000015258789
Algeria,39.4000015258789,38.9000015258789,39.4000015258789,39.4000015258789,38.0999984741211,38.9000015258789,39.7000007629394,39.5,39.4000015258789,38.5999984741211,40.4000015258789,41.5,42.7999992370606,46.4000015258789,48,50,50.5
Angola,75.8000030517578,75.8000030517578,75.5,75.9000015258789,75.8000030517578,75.9000015258789,75.6999969482422,75.5999984741211,75.5999984741211,75.5,75.5,75.5999984741211,75.5,75.5,75.5999984741211,75.5,75.6999969482422
Argentina,53.5999984741211,53.7999992370606,53.7000007629394,53.7999992370606,53.5,54.4000015258789,54.9000015258789,55,54.9000015258789,55.5,55.5999984741211,55.4000015258789,57.2999992370606,57.7000007629394,58.0999984741211,58.4000015258789,58.4000015258789
Armenia,39.2999992370606,38.2000007629394,37.4000015258789,37.4000015258789,37.0999984741211,38.0999984741211,37.4000015258789,38.0999984741211,37.2000007629394,37.7999992370606,38.5999984741211,39.2999992370606,39.5,38.9000015258789,39.5,39.4000015258789,40.0999984741211
Australia,57.2000007629394,56.2000007629394,55.9000015258789,56.9000015258789,58.4000015258789,58.2000007629394,57.9000015258789,58.2999992370606,58.7000007629394,59.4000015258789,59.2000007629394,59.5,59.9000015258789,60.0999984741211,61.2000007629394,61.5999984741211,61.5
Austria,54.2000007629394,54.9000015258789,54.7000007629394,56.4000015258789,56.7000007629394,55.7999992370606,55.7999992370606,55.5999984741211,56,56.0999984741211,56.0999984741211,56.5,56.7000007629394,55.7000007629394,56.2000007629394,57.0999984741211,57.0999984741211
Azerbaijan,56.9000015258789,56.7999992370606,56.5999984741211,56.2000007629394,55.4000015258789,55.7999992370606,56.5999984741211,56.7000007629394,57,57.4000015258789,57.5,57.5,57.9000015258789,59.4000015258789,59,59.2999992370606,60.9000015258789
Bahamas,63,61.2999992370606,62.7999992370606,62.7000007629394,64.5,64.0999984741211,65.1999969482422,66.5999984741211,66.6999969482422,67,67.0999984741211,65.5999984741211,64.4000015258789,64.9000015258789,65,66.9000015258789,66.5999984741211
Bahrain,61.2000007629394,61.4000015258789,61.5,61.7999992370606,61.9000015258789,61.9000015258789,61.5999984741211,61.5999984741211,61.5999984741211,61.5999984741211,61.7000007629394,61.5,61.4000015258789,61.2000007629394,61,60.5999984741211,60.4000015258789
Bangladesh,74.5,72.5,73,71.8000030517578,70.5,70.4000015258789,69.9000015258789,69.9000015258789,69.3000030517578,68.9000015258789,68.9000015258789,68.9000015258789,68.5,68.3000030517578,68.5999984741211,68.5999984741211,68.0999984741211
Barbados,56.9000015258789,53.7000007629394,52.5,54.9000015258789,58,61.2000007629394,61.4000015258789,63.0999984741211,64.4000015258789,65.3000030517578,65,64.5999984741211,64.0999984741211,65.5999984741211,66.0999984741211,66.4000015258789,66.9000015258789
Belarus,59.2000007629394,58.2999992370606,57.4000015258789,56.5999984741211,55.7000007629394,55.2000007629394,55.0999984741211,54,52.7999992370606,53,53,53.0999984741211,53.2999992370606,53.5999984741211,53.7000007629394,53.7000007629394,53.4000015258789
Belgium,45.7000007629394,46.0999984741211,45.5,45.2999992370606,45.5999984741211,45.5,45.7999992370606,45.9000015258789,47.2999992370606,48.7000007629394,47.5999984741211,47.5,47.2000007629394,48.0999984741211,48.5,48.2000007629394,48.5999984741211
Belize,47.5999984741211,49.2000007629394,51.2999992370606,52.2999992370606,51.7000007629394,51.0999984741211,52.0999984741211,51.5,52.7000007629394,54.2000007629394,55.7999992370606,55.5999984741211,55.9000015258789,56.0999984741211,56.0999984741211,57.5,56.7999992370606
Benin,70.5999984741211,72.0999984741211,72.3000030517578,72.5,72.5999984741211,72.5999984741211,72.5,72.3000030517578,72.1999969482422,72.0999984741211,72,72,71.9000015258789,71.8000030517578,71.6999969482422,71.5999984741211,71.5999984741211
Bhutan,53.7000007629394,52.5,52,51,50.2999992370606,50.2000007629394,50.0999984741211,50.2000007629394,50.4000015258789,51.4000015258789,52.7000007629394,53.5999984741211,55.9000015258789,57.4000015258789,59.0999984741211,59.5999984741211,58.4000015258789
Bolivia,61.5,61,61,60.9000015258789,60.7000007629394,61.7999992370606,67.5999984741211,67.6999969482422,67.6999969482422,67.3000030517578,67.3000030517578,67.8000030517578,68.3000030517578,68.9000015258789,69.4000015258789,70.0999984741211,70.4000015258789
Bosnia and Herzegovina,51.5999984741211,50.0999984741211,48,47.5999984741211,47.7000007629394,47.9000015258789,47,46.0999984741211,45.2999992370606,44.4000015258789,45.0999984741211,44.2000007629394,44.7000007629394,43.0999984741211,44.2000007629394,41.0999984741211,41.2000007629394
Botswana,48.9000015258789,48,47,45.2999992370606,44,42.7999992370606,45.7000007629394,48.2000007629394,48.9000015258789,49.5,45.7000007629394,44,42.4000015258789,40.2000007629394,37.7999992370606,45.5,46
Brazil,56.0999984741211,59.5,60.0999984741211,60.5999984741211,61.0999984741211,60.4000015258789,60.7000007629394,60.5,60.7000007629394,61.2000007629394,61.5,62.4000015258789,62,63.2999992370606,63.2000007629394,64,64.5
Brunei,62.5999984741211,62.7999992370606,62.9000015258789,63.0999984741211,63.2999992370606,63.5,63.7000007629394,64,64.3000030517578,64.4000015258789,64.5999984741211,64.5,64.3000030517578,64.1999969482422,64.0999984741211,64.0999984741211,63.7999992370606
Bulgaria,46.4000015258789,48.9000015258789,44.2999992370606,44.2000007629394,45.5999984741211,45.7000007629394,44.5999984741211,44.2000007629394,42,39.2999992370606,41.0999984741211,41.7999992370606,42.9000015258789,44.2999992370606,45.4000015258789,47.7999992370606,47.2999992370606
Burkina Faso,80.6999969482422,80.6999969482422,80.6999969482422,80.8000030517578,80.9000015258789,81,81,81.0999984741211,81.0999984741211,81.0999984741211,81.1999969482422,81.1999969482422,81.1999969482422,81.1999969482422,81.1999969482422,81.1999969482422,81.3000030517578
Burundi,84.1999969482422,84.3000030517578,84.5,84.6999969482422,84.8000030517578,84.8000030517578,84.9000015258789,84.8000030517578,84.6999969482422,84.5,84.3000030517578,84,83.5999984741211,83.4000015258789,83.1999969482422,83.1999969482422,83.1999969482422
Cambodia,78,78,78.3000030517578,78.4000015258789,77.5999984741211,76.5999984741211,76.4000015258789,77.3000030517578,77.4000015258789,77.5999984741211,79.8000030517578,79.5999984741211,79.3000030517578,79.0999984741211,78.9000015258789,78.4000015258789,78.9000015258789
Cameroon,59.4000015258789,59.2999992370606,59.2000007629394,59.0999984741211,59,59.9000015258789,60,60.0999984741211,60.0999984741211,60.2000007629394,60.0999984741211,60,59.9000015258789,59.9000015258789,59.7999992370606,59.7000007629394,59.0999984741211
Canada,59.4000015258789,58,57.5999984741211,58,58.2999992370606,58,58.5,59.2999992370606,60.2000007629394,60.7999992370606,60.7000007629394,61.2999992370606,62,62.2000007629394,62.2000007629394,62.5,63.5
Cape Verde,56.5,56.5999984741211,56.7999992370606,56.7000007629394,56.7000007629394,56.5,56.2999992370606,56.0999984741211,55.9000015258789,55.7000007629394,55.5,55.2999992370606,55.2999992370606,55.2999992370606,55.4000015258789,55.5,55.9000015258789
Central African Rep.,72.4000015258789,72.3000030517578,72.1999969482422,72.0999984741211,72.0999984741211,71.9000015258789,72,71.9000015258789,71.9000015258789,71.8000030517578,71.8000030517578,71.6999969482422,71.5,71.5,71.4000015258789,71.3000030517578,71.3000030517578
Chad,66,66.6999969482422,67.4000015258789,67.6999969482422,67.5,67.5,67.5999984741211,67.5999984741211,67.4000015258789,67.3000030517578,67.5999984741211,67.8000030517578,68.5999984741211,69.1999969482422,69.1999969482422,69,68.9000015258789
Chile,51.2000007629394,52.9000015258789,54.0999984741211,53.2999992370606,53,52.4000015258789,52.7000007629394,52,51,50.0999984741211,50.2000007629394,49.9000015258789,50.4000015258789,51.5,51.4000015258789,52.5999984741211,51
China,76.0999984741211,76.5999984741211,76.5999984741211,76.5,76.1999969482422,76,75.8000030517578,75.5,75.1999969482422,75,74.6999969482422,74.3000030517578,73.9000015258789,73.5,73.0999984741211,72.9000015258789,72.8000030517578
Colombia,52.4000015258789,53.7999992370606,55.4000015258789,54.5999984741211,54.9000015258789,54.0999984741211,54.4000015258789,54.7999992370606,57,57.2999992370606,58.4000015258789,58.0999984741211,59.5,60.2000007629394,61.7999992370606,61.5,63.2000007629394
Comoros,69.3000030517578,69.3000030517578,69.0999984741211,68.8000030517578,68.6999969482422,68.3000030517578,68.0999984741211,67.8000030517578,67.5999984741211,67.5,67.5,67.5,67.5999984741211,67.6999969482422,67.8000030517578,67.9000015258789,68
"Congo, Rep.",64.6999969482422,64.5999984741211,64.4000015258789,64.1999969482422,64.5,64.4000015258789,64.0999984741211,64,64,64.0999984741211,64.0999984741211,64.0999984741211,64.0999984741211,64.1999969482422,64.3000030517578,64.3000030517578,64.1999969482422
"Congo, Dem. Rep.",67,66.6999969482422,66.5,66.5999984741211,66.5999984741211,66.4000015258789,66.1999969482422,66.1999969482422,66.0999984741211,65.9000015258789,65.9000015258789,66,66,66.1999969482422,66.3000030517578,66.4000015258789,66.1999969482422
Costa Rica,56.9000015258789,58,58.7999992370606,58.7999992370606,58.7999992370606,56.9000015258789,57.9000015258789,59.0999984741211,59,58.5999984741211,58.2999992370606,57.7999992370606,57.4000015258789,56.5,57.0999984741211,57.9000015258789,58.5999984741211
Cote d'Ivoire,62.4000015258789,62,62.2999992370606,62.5,63,62.7000007629394,62.4000015258789,62,61.5999984741211,61.2000007629394,60.9000015258789,60.7000007629394,60.5,60.2999992370606,60.0999984741211,60,59.9000015258789
Croatia,46,45.5,45,50.0999984741211,49.7000007629394,49.5,49.2000007629394,48.2999992370606,46.7000007629394,45,42.2000007629394,45,45.4000015258789,45.5999984741211,45.9000015258789,46.5,47.0999984741211
Cuba,53,53.0999984741211,54.0999984741211,54.5,52.4000015258789,53.0999984741211,53.7000007629394,54.2999992370606,54.2999992370606,54.7999992370606,55.4000015258789,55.7000007629394,56.0999984741211,56,56,56.0999984741211,56
Cyprus,61.4000015258789,59.2999992370606,59.5999984741211,59.9000015258789,59.7999992370606,59.4000015258789,59.7000007629394,58.7000007629394,57.7999992370606,58,59.5999984741211,58.7999992370606,59.2000007629394,58.7999992370606,58.2000007629394,58.5999984741211,59.0999984741211
Czech Rep.,57.7000007629394,57.7999992370606,58.9000015258789,59.0999984741211,59.0999984741211,58.7999992370606,58.0999984741211,57,55.5999984741211,55.0999984741211,55.0999984741211,55.5,54.9000015258789,54.2999992370606,54.7000007629394,55,56
Denmark,61.9000015258789,61.7999992370606,60.0999984741211,59.2999992370606,60.7000007629394,60.9000015258789,62.2999992370606,62.2000007629394,62.7999992370606,62.7999992370606,62.7000007629394,63.2999992370606,62,62.5999984741211,62.2999992370606,63.4000015258789,63.0999984741211
Dominican Rep.,43.5999984741211,43.2000007629394,43.5999984741211,46.2999992370606,47.4000015258789,47.7000007629394,49.2000007629394,50.7999992370606,52,52.5999984741211,52.9000015258789,55.0999984741211,53.2999992370606,52.0999984741211,52.5999984741211,53.4000015258789,52.7000007629394
Timor-Leste,63.9000015258789,64,64.0999984741211,64.3000030517578,64.5,64.5999984741211,64.6999969482422,64.6999969482422,64.8000030517578,65,65.1999969482422,65.5,65.8000030517578,66,66.0999984741211,66.0999984741211,67.3000030517578
Ecuador,51.7999992370606,52.5999984741211,53.2000007629394,53.7000007629394,54.2999992370606,54.9000015258789,55.4000015258789,55.9000015258789,56.5,56.9000015258789,57.0999984741211,57.5999984741211,58.0999984741211,58.9000015258789,59.2999992370606,59.7000007629394,59.7000007629394
Egypt,42.7000007629394,42.5999984741211,42.0999984741211,42.2000007629394,41.9000015258789,42.5,42.2999992370606,42,43.0999984741211,42.2999992370606,41.5,41.7000007629394,41.7999992370606,41.7000007629394,41.5999984741211,41.9000015258789,42.4000015258789
El Salvador,58.7999992370606,57.2999992370606,55.5999984741211,57.7000007629394,57.2000007629394,55.7999992370606,55.5999984741211,57.7000007629394,57.9000015258789,57.5,57.2000007629394,57.2999992370606,58.4000015258789,57.5,57.7000007629394,58,58.2000007629394
Equatorial Guinea,60.9000015258789,61.2999992370606,61.0999984741211,61.2999992370606,61.2999992370606,62,62.7999992370606,61.9000015258789,62.4000015258789,62.5,63,62.5999984741211,62.5999984741211,62.9000015258789,62.5999984741211,62.5,61.7000007629394
Eritrea,65.0999984741211,64.9000015258789,65.0999984741211,65.3000030517578,65,65.0999984741211,65.0999984741211,65.0999984741211,65.0999984741211,64.8000030517578,65,64.9000015258789,64.8000030517578,64.9000015258789,65,65,64.9000015258789
Estonia,62.7999992370606,61.5,59.4000015258789,58.2999992370606,56.5999984741211,55.5,54.9000015258789,54.9000015258789,52.7999992370606,52.2000007629394,52.0999984741211,52.9000015258789,53.5,52.5999984741211,54.5999984741211,55.2000007629394,56.5
Ethiopia,71.9000015258789,72.4000015258789,73.8000030517578,75.6999969482422,73.0999984741211,76.1999969482422,77.5999984741211,76.8000030517578,74.3000030517578,75.1999969482422,76.3000030517578,77.0999984741211,78,78.6999969482422,80.1999969482422,80.0999984741211,80.6999969482422
Fiji,53.7000007629394,54.4000015258789,54.5999984741211,55.0999984741211,55.7000007629394,55.9000015258789,55.9000015258789,56.2999992370606,55.7999992370606,55.9000015258789,55.9000015258789,55.7000007629394,56.4000015258789,56.5,56.5,56.5,56.4000015258789
Finland,59.0999984741211,54.5,50.9000015258789,50.2000007629394,51,51.4000015258789,52.2000007629394,53.2000007629394,54.7000007629394,55.4000015258789,56,56,55.4000015258789,55.0999984741211,55.7999992370606,56.5999984741211,57.2000007629394
France,49.5,49,48.2999992370606,47.5,48,48,47.5999984741211,48,48.2000007629394,49.2000007629394,49.9000015258789,50.0999984741211,51.0999984741211,50.9000015258789,50.7000007629394,50.7000007629394,51.2000007629394
Gabon,58.2999992370606,58.0999984741211,60,60,60,59.9000015258789,59.9000015258789,59.7999992370606,59.2000007629394,59.4000015258789,59.4000015258789,59.2000007629394,59.2000007629394,59,58.9000015258789,58.7999992370606,59
Gambia,72.4000015258789,72.4000015258789,72.4000015258789,72.3000030517578,72.1999969482422,72.1999969482422,72.1999969482422,72.0999984741211,72.0999984741211,72,72,71.8000030517578,71.9000015258789,71.8000030517578,71.6999969482422,71.5999984741211,71.6999969482422
Georgia,58.2999992370606,57.2999992370606,55.7999992370606,55.4000015258789,56,57.2000007629394,57.5,56.2000007629394,56.7999992370606,56.7999992370606,58.7000007629394,55.7999992370606,57.7000007629394,55.7999992370606,54.9000015258789,55.0999984741211,55.5999984741211
Germany,56.2000007629394,55,54,53.4000015258789,53.4000015258789,53.0999984741211,52.7000007629394,53.4000015258789,53.5999984741211,53.7000007629394,53.5999984741211,52.9000015258789,52,51.9000015258789,51.9000015258789,52.7999992370606,53.5
Ghana,68.5999984741211,69.8000030517578,68.1999969482422,67.5999984741211,66.8000030517578,67.9000015258789,67.4000015258789,68.6999969482422,67.5999984741211,66.5999984741211,66.4000015258789,66.0999984741211,65.8000030517578,65.5,65.3000030517578,65,65.0999984741211
Greece,45.7999992370606,46.2999992370606,45.7999992370606,46.2000007629394,46.5,46.7999992370606,46.5999984741211,46.7000007629394,46.2999992370606,46.5,46.2000007629394,46.9000015258789,47.5999984741211,48.0999984741211,48.2999992370606,49,49.5999984741211
Guadeloupe,44.5,45.9000015258789,45,45.5999984741211,45.0999984741211,43.2000007629394,43,42.0999984741211,42.5,45.0999984741211,43.9000015258789,45.0999984741211,44.2999992370606,45.5,44.5999984741211,43.7999992370606,43.0999984741211
Guatemala,55.7999992370606,55.2999992370606,54.2999992370606,53.2000007629394,51.7999992370606,50.7999992370606,48.9000015258789,47.5,46.2000007629394,49.7000007629394,53,55.0999984741211,58.4000015258789,61.2000007629394,61.7999992370606,62.2999992370606,62.7000007629394
Guinea,82.3000030517578,82.4000015258789,82.4000015258789,82.4000015258789,82.4000015258789,82.4000015258789,82.3000030517578,82.1999969482422,82.1999969482422,82.0999984741211,82,82,81.9000015258789,81.8000030517578,81.6999969482422,81.5999984741211,81.5
Guinea-Bissau,65.9000015258789,65.9000015258789,65.9000015258789,66,66.0999984741211,66.3000030517578,66.4000015258789,65.6999969482422,66.1999969482422,66.3000030517578,66.1999969482422,66,66.0999984741211,66.0999984741211,66.1999969482422,66.1999969482422,65.9000015258789
Guyana,51.7000007629394,51.7000007629394,52.0999984741211,52.7000007629394,53.2000007629394,53.7999992370606,54.5999984741211,54.9000015258789,55.2000007629394,55.7000007629394,56.7999992370606,55.5999984741211,56.0999984741211,56.9000015258789,57.2999992370606,58.9000015258789,58.9000015258789
Haiti,56,53.2999992370606,52.2000007629394,49.0999984741211,53.5,52.5999984741211,55,55,55.9000015258789,55.4000015258789,54.7999992370606,54.7999992370606,54.9000015258789,53.7000007629394,55.0999984741211,55.4000015258789,55.9000015258789
Honduras,59.0999984741211,60.7999992370606,61.2999992370606,61.7999992370606,62.0999984741211,62.7000007629394,63.7999992370606,63.7000007629394,64.5999984741211,63.0999984741211,61.4000015258789,60.2999992370606,58.4000015258789,56.7000007629394,56.5999984741211,57.0999984741211,56.2999992370606
"Hong Kong, China",62.5999984741211,61.5,60.7999992370606,60.4000015258789,59.5999984741211,59.5999984741211,59.7000007629394,58.2000007629394,57.2000007629394,57.9000015258789,57.9000015258789,57,56.4000015258789,57.2000007629394,57.7000007629394,58.2999992370606,59
Hungary,49.5999984741211,49.4000015258789,46.2000007629394,45.2000007629394,44.5,44.0999984741211,43.9000015258789,44.5,46,46.5999984741211,46.7000007629394,46.7000007629394,47.4000015258789,47.2000007629394,47.0999984741211,47.2999992370606,47.2999992370606
Iceland,72.4000015258789,71.6999969482422,70.3000030517578,70.3000030517578,72,71.9000015258789,71.3000030517578,73.3000030517578,74.6999969482422,74.6999969482422,74.6999969482422,73.0999984741211,73.8000030517578,72.5999984741211,74,74.5999984741211,73.5999984741211
India,59,59.2999992370606,58.7999992370606,58.4000015258789,59.0999984741211,58.9000015258789,58.4000015258789,57.5999984741211,57.2000007629394,56.7999992370606,57.2000007629394,57.5999984741211,56.5999984741211,55.9000015258789,55.7999992370606,55.7000007629394,55.4000015258789
Indonesia,63.2000007629394,63.4000015258789,63.0999984741211,62.4000015258789,62,63.4000015258789,63.0999984741211,61.7000007629394,63.5,63.4000015258789,61.7999992370606,61,60.7999992370606,60.7999992370606,60.7000007629394,59.7000007629394,61.5
Iran,46,45.7000007629394,45.2999992370606,45.2000007629394,45,44.7999992370606,44.7999992370606,44.7999992370606,44.9000015258789,45.0999984741211,44.7000007629394,45,46,46.9000015258789,46.5999984741211,47.0999984741211,47.7999992370606
Iraq,35.0999984741211,35.2000007629394,35.0999984741211,35,35,35.0999984741211,35.2000007629394,35.2000007629394,35.0999984741211,35.2000007629394,35.0999984741211,35,30.2999992370606,37.5999984741211,37.5,37.2999992370606,37.4000015258789
Ireland,44.5999984741211,44.4000015258789,44.4000015258789,45,47.0999984741211,48,49.2999992370606,52.2999992370606,54.7999992370606,56.5,57,57,57,57.4000015258789,58.7999992370606,59.7000007629394,59.9000015258789
Israel,46.2000007629394,46.2000007629394,47.5999984741211,49.4000015258789,49.9000015258789,50.0999984741211,49.4000015258789,49.2000007629394,49.2999992370606,49.7000007629394,49.4000015258789,48.7000007629394,48.7999992370606,49.4000015258789,50.4000015258789,51.0999984741211,51.2999992370606
Italy,44.5,44.2999992370606,43.4000015258789,42.5,42,42,41.9000015258789,42.2000007629394,42.5999984741211,43.0999984741211,43.7999992370606,44.2000007629394,44.5999984741211,45.2999992370606,45.0999984741211,45.5999984741211,46.4000015258789
Jamaica,61.5,61.4000015258789,61,61.7000007629394,60.5,60.0999984741211,58.9000015258789,59.2000007629394,58.4000015258789,57.7999992370606,57.5,56.5,57.9000015258789,57.7999992370606,58.2000007629394,59.0999984741211,58.2000007629394
Japan,62.5,62.7000007629394,62.2999992370606,61.7999992370606,61.4000015258789,61.2999992370606,61.5,60.7000007629394,59.9000015258789,59.5,59,58.0999984741211,57.9000015258789,57.7999992370606,57.9000015258789,58,57.2999992370606
Jordan,36.2000007629394,36.4000015258789,36.4000015258789,37.9000015258789,39.2000007629394,39.5999984741211,39.0999984741211,39,38.7000007629394,37.9000015258789,37.5999984741211,37.2000007629394,37.5999984741211,39,39,39.2000007629394,38.9000015258789
Kazakhstan,63.7000007629394,61.2999992370606,62.4000015258789,64.3000030517578,61.7999992370606,60.5,60.5999984741211,60.7000007629394,60.5,61.0999984741211,62.9000015258789,63.7000007629394,63.5999984741211,63.2999992370606,62.9000015258789,62.7999992370606,63.7000007629394
Kenya,72.3000030517578,72.1999969482422,72.1999969482422,72.1999969482422,72.0999984741211,72,71.9000015258789,71.9000015258789,73.5999984741211,73.3000030517578,73.1999969482422,73,72.9000015258789,72.9000015258789,73,73.1999969482422,73.1999969482422
"Korea, Dem. Rep.",62.4000015258789,62.7000007629394,63.0999984741211,63.4000015258789,63.5999984741211,62.0999984741211,62,61.5,61.9000015258789,62.0999984741211,62,62.7999992370606,63.2999992370606,64,64.3000030517578,64.6999969482422,64.5999984741211
"Korea, Rep.",59,59.0999984741211,58.7999992370606,59.7999992370606,60.5,60.7999992370606,60.9000015258789,56.5,56.7000007629394,58.2999992370606,58.5999984741211,59.5,58.7000007629394,59.2000007629394,59.0999984741211,59.2000007629394,58.9000015258789
Kuwait,61.9000015258789,63.0999984741211,64.0999984741211,65.5,66.5999984741211,67.5999984741211,68.4000015258789,68.5,68.5,68.4000015258789,68.4000015258789,67.5999984741211,66.6999969482422,66.4000015258789,66.0999984741211,65.6999969482422,65.6999969482422
Kyrgyzstan,59.5,59.2999992370606,59.2000007629394,59.4000015258789,59.0999984741211,59.5999984741211,59.7000007629394,58.7999992370606,59.5,58.7000007629394,58.5,56.2000007629394,57.5,58,58.2000007629394,58.4000015258789,58.9000015258789
Laos,80.4000015258789,80.4000015258789,80.3000030517578,80.1999969482422,79.4000015258789,79.4000015258789,79.3000030517578,79.4000015258789,79.4000015258789,79.3000030517578,79.1999969482422,79.0999984741211,78.8000030517578,78.6999969482422,78.4000015258789,78.1999969482422,78.1999969482422
Latvia,58.9000015258789,57.7999992370606,56.5999984741211,55.4000015258789,57.4000015258789,47.2999992370606,50.4000015258789,50.2000007629394,49.7000007629394,48.4000015258789,49,51.2999992370606,52.0999984741211,52.5999984741211,53.5999984741211,56.5,56.7999992370606
Lebanon,45.9000015258789,45.4000015258789,45.7999992370606,45.9000015258789,46.2000007629394,46.0999984741211,45.7999992370606,45.7000007629394,45.9000015258789,46,45.9000015258789,45.9000015258789,45.7000007629394,45.7999992370606,45.7999992370606,46,46
Lesotho,50.7999992370606,49.5,50.7000007629394,50.9000015258789,49.5,47.0999984741211,45,49.2999992370606,53.4000015258789,55.5,54.7000007629394,55.5999984741211,55.2000007629394,56.4000015258789,55,58.5,56.2999992370606
Liberia,65.6999969482422,65.5999984741211,65.5999984741211,65.5999984741211,65.5999984741211,65.5999984741211,65.5,65.5,65.5,65.5,65.5999984741211,65.5,65.5999984741211,65.5999984741211,65.6999969482422,65.8000030517578,66
Libya,45.7999992370606,45.4000015258789,45.5999984741211,45.7999992370606,45.7000007629394,46,46.0999984741211,46.0999984741211,46.2000007629394,46.5,46.5999984741211,47,47.5,47.5999984741211,48,48,48.5999984741211
Lithuania,54.7999992370606,54,53.2000007629394,52.7000007629394,52.2999992370606,52.5,52.7000007629394,53.5999984741211,53,49.9000015258789,48.5999984741211,50,50.9000015258789,50.5999984741211,51.7999992370606,52.7000007629394,53.0999984741211
Luxembourg,51.2000007629394,51.5999984741211,50.9000015258789,50.2000007629394,48.7000007629394,49.0999984741211,49.5999984741211,49.7000007629394,50.7000007629394,51.9000015258789,51.7999992370606,52.5,51.4000015258789,51.5999984741211,52.7000007629394,52.5,53.5
"Macao, China",56.7999992370606,57.2999992370606,57.2999992370606,57,57.7000007629394,64.5999984741211,64.6999969482422,63.2999992370606,61.2999992370606,60.4000015258789,61.9000015258789,60.0999984741211,58.7999992370606,60.7000007629394,62.2000007629394,64.1999969482422,63.5999984741211
Madagascar,79.0999984741211,79.3000030517578,79.5,79.5999984741211,79.8000030517578,80,80.0999984741211,80.1999969482422,80.3000030517578,80.1999969482422,80,79.3000030517578,78.0999984741211,81.5,84.3000030517578,84.0999984741211,83
Malawi,71.5999984741211,71.5,71.4000015258789,71.0999984741211,71.0999984741211,71,71,71,71.1999969482422,71.3000030517578,71.5,71.5999984741211,71.6999969482422,71.8000030517578,71.8000030517578,71.6999969482422,71.8000030517578
Malaysia,60.0999984741211,59.7999992370606,60.2000007629394,60.2000007629394,60.0999984741211,60.5,60.5,60,59.7000007629394,61,60.7000007629394,60.7000007629394,60.5999984741211,60.5,60.5999984741211,60.5999984741211,60.5
Maldives,49.7999992370606,50.0999984741211,50.2999992370606,51.2000007629394,51.5999984741211,52,52.2999992370606,53.0999984741211,54.2000007629394,54.2999992370606,55.2000007629394,57.7999992370606,59.4000015258789,60.7999992370606,60.4000015258789,55.7999992370606,56.9000015258789
Mali,47.5999984741211,47.4000015258789,47.5,47.2000007629394,47.7000007629394,48.2000007629394,48.7000007629394,47.7999992370606,46.5,47,47.2999992370606,47.5999984741211,46.7000007629394,45.5999984741211,45.5999984741211,45.5999984741211,45.7000007629394
Malta,43.7000007629394,43.7000007629394,43.7999992370606,43.5999984741211,44.5,45.2999992370606,45.2000007629394,44.7999992370606,46,45.7000007629394,46.0999984741211,46.7999992370606,45.0999984741211,45.7999992370606,45.7000007629394,46.5,46.7999992370606
Martinique,46.2000007629394,46.2000007629394,47,47,44.9000015258789,44.0999984741211,42.9000015258789,42.2999992370606,42.5999984741211,43.5,44.2999992370606,45.5,45.2999992370606,45,45.2000007629394,43.0999984741211,42.5
Mauritania,54.4000015258789,54.2999992370606,54.2000007629394,54.0999984741211,54.0999984741211,54,53.9000015258789,53.7999992370606,54.9000015258789,55.7999992370606,53.4000015258789,51.5,49.5,47,47.0999984741211,47.4000015258789,46.9000015258789
Mauritius,56.2000007629394,59.5999984741211,59.5999984741211,59.5,53.5,55.9000015258789,55.5,55.5,55.2000007629394,54.7000007629394,54.7000007629394,56.7999992370606,56.0999984741211,53.5999984741211,53.2999992370606,53.5,54.5
Mexico,56.9000015258789,57.5,58.0999984741211,57.2999992370606,55.7000007629394,56.7000007629394,58.7999992370606,58.9000015258789,58.7999992370606,58.5999984741211,58,58,57.4000015258789,58.2999992370606,58.2999992370606,59.2999992370606,57.9000015258789
Mongolia,51.0999984741211,51.7000007629394,51.5,51.4000015258789,52.7000007629394,51.5999984741211,51.5,51.5,51.4000015258789,51,51.2999992370606,51.5,52.4000015258789,53.2000007629394,51.9000015258789,52,52.0999984741211
Morocco,46.0999984741211,46.4000015258789,46.5999984741211,46.5999984741211,47,47,47.2999992370606,47.5,46.5,45.7999992370606,44.7999992370606,44.9000015258789,45.5999984741211,46.5999984741211,46.2000007629394,46.9000015258789,46.2000007629394
Mozambique,79.0999984741211,78.9000015258789,78.9000015258789,78.8000030517578,78.5,78.3000030517578,78,77.8000030517578,77.6999969482422,77.6999969482422,77.5,77.5,77.5,77.4000015258789,77.1999969482422,77.0999984741211,77
Myanmar,74.5,74.6999969482422,74.5999984741211,74.5,74.5,74.4000015258789,74.4000015258789,74.6999969482422,74.8000030517578,74.8000030517578,74.8000030517578,74.8000030517578,74.8000030517578,74.6999969482422,74.6999969482422,74.5999984741211,74.6999969482422
Namibia,45.7000007629394,45.7000007629394,45.7999992370606,45.7000007629394,45.0999984741211,44.5,44.0999984741211,44.4000015258789,44.5999984741211,44.5999984741211,45.4000015258789,43.5999984741211,43.9000015258789,42.4000015258789,42.0999984741211,41.7999992370606,42
Nepal,61.2000007629394,62.5,62.4000015258789,62.2999992370606,62.2999992370606,61.2000007629394,61.7000007629394,62.2999992370606,63.2000007629394,61.2000007629394,59,60,60,60.5,61.2000007629394,61.7999992370606,61.7999992370606
Netherlands,53.2000007629394,53.9000015258789,53.9000015258789,54,55,55.9000015258789,57.5,58.7000007629394,59.9000015258789,60.5,60.7999992370606,60.7999992370606,60.2999992370606,59.7000007629394,59.5,60.4000015258789,61.2999992370606
Netherlands Antilles,49,49.7999992370606,50.2000007629394,50.9000015258789,50.7999992370606,51.5,51.4000015258789,50.2000007629394,51.0999984741211,52,50.7999992370606,50.9000015258789,51.2999992370606,50.7000007629394,49.5,51.7999992370606,53.5
New Zealand,57,56.5999984741211,57.0999984741211,58.7999992370606,60.5,61.4000015258789,60.9000015258789,60,60.5,61.2000007629394,62.2000007629394,62.9000015258789,63,64,64.9000015258789,65.4000015258789,65
Nicaragua,52.7999992370606,54.4000015258789,51.4000015258789,55.9000015258789,48.7999992370606,50.4000015258789,51.5,51.5999984741211,53.5999984741211,57,54.0999984741211,53.4000015258789,56.0999984741211,57.2999992370606,57.7000007629394,58.2000007629394,58.7999992370606
Niger,60,59.7000007629394,59.7000007629394,59.7000007629394,59.9000015258789,60.0999984741211,60.0999984741211,60.4000015258789,60.4000015258789,60.2999992370606,60.5,60.5,60.5,60.4000015258789,60.5,60.4000015258789,60.4000015258789
Nigeria,52.2000007629394,52.2000007629394,52.0999984741211,52.0999984741211,52,51.9000015258789,51.7999992370606,51.7000007629394,51.5,51.5,51.4000015258789,51.4000015258789,51.2000007629394,51.0999984741211,51,51,50.9000015258789
Norway,59.7999992370606,59.2000007629394,58.9000015258789,59.5999984741211,60.5999984741211,61.7999992370606,63.4000015258789,64.8000030517578,64.6999969482422,64.6999969482422,64.6999969482422,64.5999984741211,63.7999992370606,63.7000007629394,63.4000015258789,64.1999969482422,65
Oman,52.7999992370606,53.7000007629394,54.5999984741211,55.2999992370606,55.5999984741211,55.5,55.0999984741211,54.5,54,53.5,52.7000007629394,52.0999984741211,51.5999984741211,51.2000007629394,50.9000015258789,50.5999984741211,50.7000007629394
Pakistan,47.5999984741211,47.9000015258789,47.9000015258789,48.2999992370606,46.7999992370606,47.2000007629394,47.5999984741211,47.5999984741211,47.7999992370606,47.4000015258789,46.9000015258789,46.9000015258789,47,47.9000015258789,48.7000007629394,50.5999984741211,51
Panama,50,51.7000007629394,53.2000007629394,53,53.2000007629394,53,54,54,55.7000007629394,54.5999984741211,54.2000007629394,54.7000007629394,55.2000007629394,56.4000015258789,58,58,59.7999992370606
Papua New Guinea,70.4000015258789,69.8000030517578,69.1999969482422,69.0999984741211,69.5,69.4000015258789,69.5999984741211,70.1999969482422,69.9000015258789,70.5,70.6999969482422,70.5,70.1999969482422,70.0999984741211,70.3000030517578,70.1999969482422,70.4000015258789
Paraguay,61.5999984741211,63.2999992370606,64,64.9000015258789,69,68.5,68,68.4000015258789,68.3000030517578,68.0999984741211,68.6999969482422,67,69.5999984741211,71.0999984741211,72.4000015258789,72.5,73.0999984741211
Peru,58.4000015258789,58.7999992370606,59.4000015258789,60.5999984741211,61,61.2000007629394,62.2000007629394,62.2999992370606,63.0999984741211,63.9000015258789,64.3000030517578,65.4000015258789,65.9000015258789,66.5999984741211,67.1999969482422,67.8000030517578,68.3000030517578
Philippines,59.0999984741211,59.7000007629394,59.2999992370606,59.5,60.5999984741211,61.2000007629394,60.7999992370606,60.2999992370606,60.2000007629394,58.4000015258789,60.0999984741211,59.7000007629394,59.5999984741211,58.7000007629394,59.9000015258789,59.4000015258789,61
Poland,54,53.2999992370606,52.2999992370606,51.0999984741211,50.7000007629394,50.7000007629394,50.9000015258789,50.7999992370606,48.7999992370606,47,45.7000007629394,44,43.9000015258789,44.2000007629394,45,46.5999984741211,48.7000007629394
Portugal,59.0999984741211,57.4000015258789,56.2000007629394,55.5,54.7999992370606,55.0999984741211,56.2000007629394,57.4000015258789,57.9000015258789,58.7000007629394,59.0999984741211,58.9000015258789,58.2000007629394,57.7000007629394,57.4000015258789,57.7000007629394,57.5999984741211
Puerto Rico,38.0999984741211,37.9000015258789,39.0999984741211,39.9000015258789,39.7999992370606,40.7000007629394,41.4000015258789,41.5,42.0999984741211,41.7999992370606,41.5,41.2999992370606,41.7999992370606,42.2000007629394,42.2000007629394,42,42.4000015258789
Qatar,74.0999984741211,73.6999969482422,73.0999984741211,72.3000030517578,71.5999984741211,71.4000015258789,70.5,70.5,70,71.1999969482422,70.6999969482422,72,73.3000030517578,75.5999984741211,75.8000030517578,75.5,76
Moldova,58.5999984741211,58,57.4000015258789,56.5,55.5999984741211,55,54.2999992370606,52.4000015258789,50.5,50.5999984741211,49.7999992370606,48.5999984741211,46.5,44.7000007629394,44.9000015258789,45.0999984741211,44.2999992370606
Reunion,33.5,34.2999992370606,35.0999984741211,37.5999984741211,40.0999984741211,36.5,37.2999992370606,36.5,34.4000015258789,37.2999992370606,39.0999984741211,40.4000015258789,39.2999992370606,38.9000015258789,40.0999984741211,41.2999992370606,44.2000007629394
Romania,56.7999992370606,59.4000015258789,60.7000007629394,60.0999984741211,61.7999992370606,60.4000015258789,61,59.7000007629394,59.2999992370606,58.9000015258789,58.2000007629394,51,52.5999984741211,50.4000015258789,50.2000007629394,51.0999984741211,49.5
Russia,58.0999984741211,61.2000007629394,60.0999984741211,57.9000015258789,56.0999984741211,55.2000007629394,53.7000007629394,52.2999992370606,51.9000015258789,54.5,55.2999992370606,56,55.9000015258789,56.0999984741211,56.9000015258789,56.7999992370606,58.7999992370606
Rwanda,86.8000030517578,86.8000030517578,87,87.6999969482422,87.3000030517578,86.8000030517578,86.0999984741211,85.4000015258789,84.6999969482422,84,83.0999984741211,82.1999969482422,81.3000030517578,80.5999984741211,80.0999984741211,80,79.8000030517578
Saudi Arabia,51,51.0999984741211,51.2000007629394,51.5,51.5,51.0999984741211,50.7999992370606,50.5999984741211,51.4000015258789,51.0999984741211,51.2999992370606,51.4000015258789,51.5999984741211,51.9000015258789,51.4000015258789,50.5999984741211,51.2000007629394
Senegal,66.9000015258789,66.8000030517578,66.6999969482422,66.5999984741211,66.5999984741211,66.4000015258789,66.3000030517578,66.1999969482422,66.0999984741211,65.9000015258789,65.8000030517578,65.5999984741211,65.5999984741211,65.5,65.4000015258789,65.4000015258789,65.5999984741211
Serbia and Montenegro,49.7000007629394,49.0999984741211,48.9000015258789,47.9000015258789,50.0999984741211,50.7000007629394,50.4000015258789,50.4000015258789,50.5,51.2999992370606,51.2000007629394,50.7000007629394,50,48.2000007629394,46.9000015258789,47,48.7000007629394
Sierra Leone,63.5,63.7999992370606,64.0999984741211,64.0999984741211,64.5,64.3000030517578,64.8000030517578,64.9000015258789,65,65,64.8000030517578,64.4000015258789,64.1999969482422,64,63.9000015258789,63.7999992370606,63.7999992370606
Singapore,64.4000015258789,64.4000015258789,64,64.1999969482422,62.5999984741211,64,63.5999984741211,62.7000007629394,62.0999984741211,61.5999984741211,63,61.7999992370606,61.5999984741211,61.7000007629394,62,62.4000015258789,62.4000015258789
Slovak Republic,56,55.2999992370606,54.5999984741211,51.7999992370606,52,53.4000015258789,52.5999984741211,52.0999984741211,50,48.7999992370606,48.9000015258789,49,49.9000015258789,49.4000015258789,50,51.2999992370606,53.4000015258789
Slovenia,55.7999992370606,51.7000007629394,47.9000015258789,53,54.7000007629394,53.9000015258789,54.5,55.2000007629394,54.0999984741211,53.9000015258789,54.4000015258789,54.5999984741211,52.7000007629394,55.2999992370606,55.2999992370606,56.2999992370606,55.9000015258789
Solomon Islands,67.4000015258789,67.5999984741211,67.5,67.5999984741211,67.5,67.1999969482422,66.9000015258789,66.6999969482422,66.4000015258789,65.9000015258789,65.8000030517578,65.6999969482422,65.6999969482422,65.5999984741211,65.4000015258789,65.3000030517578,65
Somalia,64.9000015258789,64.9000015258789,64.6999969482422,64.5,64.5,64.5999984741211,64.8000030517578,65,65.0999984741211,65.3000030517578,65.4000015258789,65.5,65.5999984741211,65.5999984741211,65.6999969482422,65.8000030517578,66
South Africa,39.7000007629394,39.9000015258789,39.5,42.7000007629394,44.2999992370606,42.0999984741211,41,39.7999992370606,39.7000007629394,39,37.5999984741211,37.0999984741211,36.7000007629394,39.4000015258789,39,39.5,41.0999984741211
Spain,42.7000007629394,41.0999984741211,38.7999992370606,38.0999984741211,39.2000007629394,39.9000015258789,40.9000015258789,42.0999984741211,44.0999984741211,45.9000015258789,46.9000015258789,47.4000015258789,48.4000015258789,49.5999984741211,51.5,52.7000007629394,52.5
Sri Lanka,52,50.7000007629394,49.7000007629394,50.5999984741211,49.5,50.5,51,55,53.4000015258789,53.7000007629394,53.4000015258789,53.0999984741211,53.0999984741211,53.4000015258789,53.5,54.2999992370606,55.0999984741211
Sudan,46.2000007629394,45.9000015258789,45.7999992370606,46.4000015258789,46.9000015258789,47.2000007629394,47.4000015258789,47.2000007629394,47.0999984741211,47.2000007629394,47.0999984741211,47.0999984741211,47,47,46.9000015258789,47,47.2999992370606
Suriname,44.5999984741211,42.5999984741211,42.7999992370606,43.2000007629394,45.2000007629394,44.2999992370606,44.5999984741211,44.5,43.0999984741211,43.2000007629394,43.7000007629394,43.5,44,44.2999992370606,44.4000015258789,45,44.7000007629394
Swaziland,54.2000007629394,54.2999992370606,54.2999992370606,54.2999992370606,55.9000015258789,55.2000007629394,54.7000007629394,54.2999992370606,54,53.5999984741211,53.0999984741211,52.5999984741211,52.2000007629394,51.7999992370606,51.4000015258789,51,50.9000015258789
Sweden,64.9000015258789,61.7999992370606,58,57.2000007629394,57.7999992370606,57.0999984741211,56.4000015258789,57.2000007629394,58.2999992370606,59.9000015258789,60.5999984741211,60.4000015258789,60,59.2000007629394,59.7000007629394,60.2999992370606,60.7000007629394
Switzerland,67.6999969482422,67.0999984741211,66.5,65.5999984741211,65.6999969482422,65.6999969482422,65.1999969482422,66,66.3000030517578,66.0999984741211,66.5999984741211,66.0999984741211,65.3000030517578,64.5,64.0999984741211,64.6999969482422,64.3000030517578
Syria,46.7999992370606,47.2000007629394,47.5999984741211,48.2000007629394,48.9000015258789,45.0999984741211,40.9000015258789,43.0999984741211,45.9000015258789,48.2000007629394,45.7999992370606,47.2000007629394,43.7999992370606,44.2000007629394,44.5,44.7999992370606,44.7999992370606
Taiwan,56.9000015258789,56.5999984741211,56.9000015258789,56.5999984741211,56.2000007629394,55.5,55.2999992370606,55,54.7000007629394,54.2000007629394,53.5,53.2999992370606,53.7000007629394,54,54.2999992370606,54.2999992370606,54.5
Tajikistan,54.2999992370606,52.2999992370606,50.5,47.5999984741211,45.7000007629394,42.7000007629394,42.9000015258789,43.7999992370606,44.2999992370606,45.4000015258789,47.4000015258789,48,49.4000015258789,50.0999984741211,50.5,51.2000007629394,54.5999984741211
Tanzania,87.5,87.1999969482422,87,86.6999969482422,86.5,86,86.0999984741211,85.9000015258789,85.6999969482422,85.0999984741211,84.3000030517578,83.3000030517578,82.3000030517578,81,79.4000015258789,78.0999984741211,78.1999969482422
Thailand,77.6999969482422,77.0999984741211,75.3000030517578,73.6999969482422,74.3000030517578,74.5999984741211,74.6999969482422,72,71.1999969482422,71.9000015258789,71.9000015258789,72.3000030517578,72.3000030517578,72.4000015258789,72.5999984741211,72.0999984741211,72
"Macedonia, FYR",37.5999984741211,36.9000015258789,35.9000015258789,36.2999992370606,36.4000015258789,35.0999984741211,34.5,35.0999984741211,35.7999992370606,35.9000015258789,37.2999992370606,36.2000007629394,33.9000015258789,32.2999992370606,33.2000007629394,34.5999984741211,34.9000015258789
Togo,65.1999969482422,65,64.5,65,64.9000015258789,64.8000030517578,64.8000030517578,64.5999984741211,64.5,64.4000015258789,64.1999969482422,64.1999969482422,64.1999969482422,64.0999984741211,64,64,63.9000015258789
Trinidad and Tobago,45,45.7999992370606,46.7000007629394,48.5,49.9000015258789,51.2999992370606,52.2000007629394,52.7999992370606,53.5,54,54.9000015258789,55.2000007629394,56.2000007629394,58.5999984741211,60,62.5999984741211,61.5
Tunisia,40.7000007629394,40.7000007629394,40.7000007629394,41,41,40.9000015258789,40.9000015258789,40.7000007629394,40.7000007629394,40.7000007629394,40.9000015258789,40.7999992370606,41.0999984741211,41.2000007629394,41.2000007629394,41.4000015258789,41.5999984741211
Turkey,53,52,48.2999992370606,50.7999992370606,50.7999992370606,50.9000015258789,49.7000007629394,49.7999992370606,49.2000007629394,47.2000007629394,46,44.7999992370606,43.5,44,43.7000007629394,43.5,42.7999992370606
Turkmenistan,56.0999984741211,56.4000015258789,56.7000007629394,56.9000015258789,56.9000015258789,56.2000007629394,55.2999992370606,57.5999984741211,59,59.4000015258789,59.5,59.0999984741211,59.0999984741211,58.7000007629394,58.4000015258789,58.2000007629394,58.5
Uganda,85,84.8000030517578,84.1999969482422,83.4000015258789,83.5999984741211,83.8000030517578,84,84.6999969482422,84.4000015258789,83.9000015258789,84.0999984741211,83.5999984741211,83.1999969482422,83.1999969482422,83.0999984741211,83.0999984741211,83.1999969482422
Ukraine,58.5,57.7999992370606,58.0999984741211,58.4000015258789,58.4000015258789,58.0999984741211,58.0999984741211,57.4000015258789,49.5999984741211,50.0999984741211,50.9000015258789,51.7000007629394,51.7999992370606,52.2000007629394,53.5999984741211,53.7999992370606,54.4000015258789
United Arab Emirates,71.3000030517578,71.5999984741211,71.9000015258789,72.5999984741211,73.1999969482422,73,72.9000015258789,73.6999969482422,73.9000015258789,74.5,74.9000015258789,75.3000030517578,75.5,75.4000015258789,75.1999969482422,75,75.1999969482422
United Kingdom,57.9000015258789,56.5,55.5999984741211,55.9000015258789,56.4000015258789,56.7999992370606,57.5999984741211,57.9000015258789,58.4000015258789,58.9000015258789,59,59,59.2999992370606,59.4000015258789,59.4000015258789,59.4000015258789,59.2999992370606
United States,61.2999992370606,61.0999984741211,61.4000015258789,62.2000007629394,62.5999984741211,62.9000015258789,63.4000015258789,63.7999992370606,64,64.1999969482422,63.2999992370606,62.2999992370606,61.7999992370606,61.7999992370606,62.2000007629394,62.5999984741211,62.2999992370606
Uruguay,54,55.2999992370606,54,55.2999992370606,55.9000015258789,55.7000007629394,55.7000007629394,55.7999992370606,56,56.2000007629394,56.2999992370606,56.5,56.5999984741211,56.7000007629394,56.7999992370606,56.7000007629394,57.5
Uzbekistan,54.5,53.2999992370606,52.9000015258789,52.4000015258789,52.2000007629394,52.5,53.0999984741211,53.5999984741211,53.9000015258789,54.2000007629394,54.5,54.7000007629394,55,55.7000007629394,56.0999984741211,56.5,57.5
Venezuela,51.5999984741211,52.7999992370606,53.9000015258789,53.2999992370606,53,52.2999992370606,53.7000007629394,54.0999984741211,52.7000007629394,54,54.9000015258789,53.5,53.7000007629394,55.2000007629394,56.7999992370606,59.7000007629394,59.9000015258789
Vietnam,75.5999984741211,75.5999984741211,75,75.5,75.4000015258789,75.4000015258789,73.4000015258789,73.4000015258789,73.3000030517578,72,72.4000015258789,72.4000015258789,72.0999984741211,71.5999984741211,71.4000015258789,71.1999969482422,71
West Bank and Gaza,29.2999992370606,29.7999992370606,30.3999996185303,26.7999992370605,32.5999984741211,29.5,31,33.4000015258789,34.5999984741211,33.5999984741211,29.3999996185303,26.6000003814697,29.3999996185303,29.7000007629394,31.3999996185303,31.6000003814697,32
"Yemen, Rep.",38.2999992370606,38.2000007629394,38,39.4000015258789,39.2000007629394,38.7999992370606,39.0999984741211,39.2999992370606,38.2000007629394,38.2999992370606,38.2999992370606,38.4000015258789,38.5999984741211,38.7000007629394,39,39.0999984741211,39
Zambia,57,56.5999984741211,56.2000007629394,56.7000007629394,57.2999992370606,59,60.0999984741211,61.2999992370606,61,60.7000007629394,60.7000007629394,60.7000007629394,60.7000007629394,60.7999992370606,60.7999992370606,60.7999992370606,61
Zimbabwe,70.1999969482422,69.8000030517578,69.4000015258789,70.5999984741211,70.0999984741211,69.6999969482422,68.9000015258789,68.0999984741211,67.3000030517578,67.5999984741211,67.6999969482422,67.5999984741211,67.4000015258789,67.4000015258789,67.1999969482422,66.9000015258789,66.8000030517578