Military expenditure (% of GDP),1988,1989,1990,1991,1992,1993,1994,1995,1996,1997,1998,1999,2000,2001,2002,2003,2004,2005,2006,2007,2008,2009,2010,2011
Abkhazia,,,,,,,,,,,,,,,,,,,,,,,,
Afghanistan,,,,,,,,,,,,,,,,2.00759902111664,1.99481776127256,1.63082167300268,1.61426718547341,2.19546391752577,1.91283333333333,1.75966386554622,3.34244694132335,4.43603896103896
Akrotiri and Dhekelia,,,,,,,,,,,,,,,,,,,,,,,,
Albania,5.61500470366886,5.16567637335278,5.88830083175259,,4.64945888260734,3.19929790315127,2.50038576236814,2.09971303737436,1.51709550445667,1.37870662927084,1.2288819931238,1.24206452644451,1.2278986601211,1.29960736181529,1.31579371172281,1.35922390513751,1.35350745492471,1.31487718388222,1.54374966770579,1.82014462809917,1.97150735294118,2.05325803649001,1.60235862337985,1.51924820573228
Algeria,1.74535042784505,1.53555395926921,1.4573587554321,1.23149796248609,2.19423769908935,2.55574614738529,3.13778074200812,2.95388320341583,3.09338520538001,3.63283228608796,3.95689793175291,3.76752507239682,3.44367652668923,3.80210291706109,3.67347820492736,3.24829525185791,3.29704404866443,2.85371382851047,2.64332706766917,2.9011381388083,3.02454043285339,3.82698823998405,3.50236534152212,4.58508937654411
American Samoa,,,,,,,,,,,,,,,,,,,,,,,,
Andorra,,,,,,,,,,,,,,,,,,,,,,,,
Angola,,,,7.05625104968622,7.56572725553244,17.5218461162774,5.70751983877063,4.70650167706635,2.45364114361221,5.99388623603924,2.6424263872936,17.3373711490303,6.39276679164926,4.52435888850332,3.83742114333832,4.80088108663032,4.13413768464401,4.83484198971815,4.71484478493679,3.36223166053211,3.75227736231147,4.39162245531516,4.24827499585397,3.61260449000706
Anguilla,,,,,,,,,,,,,,,,,,,,,,,,
Antigua and Barbuda,,,,,,,,,,,,,,,,,,,,,,,,
Argentina,1.98087554699177,1.77556383818821,1.36821335532423,1.42013727576134,1.34046362188989,1.34035236367656,1.45703877666378,1.47307380287283,1.24122836831469,1.14013954659656,1.13631664497056,1.22035944920598,1.14882370631087,1.18423479679445,1.09187997156388,1.06089406525612,0.957235116551374,0.927738439250177,0.862265257296065,0.875001415791444,0.849085439717752,0.965814263929837,0.93861640145599,0.735116084389872
Armenia,,,,,2.09548975296484,2.12165247900191,,4.05931197996886,3.28186689273156,3.90384606629595,3.52737382685527,3.6964133057364,3.55848318636087,3.12957956139623,2.70097353214749,2.72675339630061,2.74116858899631,2.87130716570818,2.94783151414858,3.04196186345122,3.39103929356973,4.16978206681773,4.2265936242749,4.03425406537545
Aruba,,,,,,,,,,,,,,,,,,,,,,,,
Australia,2.2790579893644,2.14553092936202,2.10441979609988,2.14885407953405,2.19338076959086,2.20865217129488,2.1660948725352,2.0704497452478,1.97041186533075,1.91235430235012,1.91273182194722,1.93364222802336,1.88999864419036,1.92095288742437,1.92706988411495,1.90311354149959,1.88507415595808,1.87112700456691,1.88828087553922,1.88149313917773,1.87342925093191,1.93675955453973,1.97006951400905,1.86188754644836
Austria,1.2988091288345,1.23237184250604,1.19733665316345,1.15930695287425,1.10838166451362,1.12258985044667,1.10573747681293,1.07211783703213,1.04729691447942,1.04166120178829,1.01244692241798,1.0006702181995,1.00252505842563,0.933235941284903,0.906456031980603,0.938239077166,0.919440991806707,0.880757597021545,0.812633138406514,0.93314431875372,0.904698936247351,0.907872979873457,0.926633512148211,0.855269706178864
Azerbaijan,,,,,2.07464575423746,5.09288142498822,3.68316850709437,2.73690130284,2.25423034135488,2.32404979925782,2.41235591259715,2.62510993144516,2.26786206311863,2.31394386334562,2.24332117101365,2.42076540964108,2.62593343727653,2.29986025154722,3.41935418481476,2.86313710971245,3.29121114577001,3.32570256871199,2.79053338043094,4.8972418063073
Bahamas,,,,,,,,,,,,,,,,,,,,,,,,
Bahrain,5.02837451397743,5.09396285330294,5.1056338028169,5.13913704237621,5.29556650246305,4.82790372551164,4.60017182840786,4.68309552592439,4.75090461408135,4.56582732027,4.77398814985694,4.94075134537543,4.03750529293586,4.22648597880048,4.69836496899079,4.77489768076398,4.26085927328678,3.6159576359936,3.40529750222267,3.19622212304015,3.01138985355903,3.95109997521958,3.38456545425041,
Bangladesh,1.13810100646432,1.18605700888616,1.1106479349686,1.09221947939824,1.20425871910727,1.28460290807116,1.40467270577871,1.41504785764088,1.38741243524818,1.43125721102078,1.42054591484341,1.42364191425376,1.40780435749972,1.3417662408143,1.24834828569442,1.20267442854667,1.19018623426337,1.16008060274017,1.1887583200454,1.20101109705046,1.11858729139735,1.22146366790112,1.30176921648861,1.35042127251602
Barbados,,,,,,,,,,,,,,,,,,,,,,,,
Belarus,,,,,,,3.37207472517591,1.72978173449333,1.25104775249271,1.77193747187049,1.49538332442512,1.36811396270343,1.34664652171057,1.43828756434444,1.40024408626422,1.29906358027392,1.35822274853076,1.49845313530187,1.70941249195756,1.64976591437478,1.4538780868906,1.37294077073854,1.39047557669473,1.08537888546136
Belgium,2.55517260823274,2.39242325008156,2.28952144677842,2.22407144746446,1.78150882808433,1.68771643837932,1.63032652963452,1.56352950795231,1.5382144240672,1.47499018027658,1.433553054942,1.41411688860794,1.37125162843555,1.30598953822704,1.24488124488124,1.24350005069598,1.17856272336218,1.12050356748562,1.07706638982025,1.12353862554867,1.24081585519003,1.18783525241499,1.11393675568387,1.09040357965159
Belize,0.984439504604636,1.19785207444408,1.14998188693793,1.06808604081891,1.02288230467025,1.09868583125503,1.36028602627876,1.29832056442542,1.23972483820639,1.43687358565188,,0.825816814921047,0.85329106557598,0.854513849448294,0.841663836806228,0.865210269990205,0.899362554860928,0.959749188416643,1.013927547825,1.07695180468168,1.37147048038137,1.27872498146775,1.09564596716631,1.0651289009498
Benin,2.27937981020953,1.8988224505206,1.77174009393457,,,,,,,,,0.748350229340332,0.641584650777092,0.552163965089433,0.925026830888741,0.972000580298854,1.03357964643158,1.09219544550077,1.03400920914452,,1.01249749381808,,,
Bermuda,,,,,,,,,,,,,,,,,,,,,,,,
Bhutan,,,,,,,,,,,,,,,,,,,,,,,,
Bolivia,,2.16639393314508,2.82326068349941,2.69703396480583,2.51203706243039,1.92158547141088,2.25789651722011,2.10329913069895,1.99271929214658,2.281248331605,2.69743115391613,2.13887420133904,2.06822874292255,2.26992486910349,2.03414367402314,2.15008780471171,1.92887400992158,1.77607400765097,1.57060994799103,1.6891697989235,1.96447597493518,1.99709603370807,1.66817082487015,1.43878948113876
Bosnia and Herzegovina,,,,,,,,,,,,,,,3.62485355881032,2.41981434991274,1.99544228313058,1.58555000580788,1.4379558268246,1.27770653965928,1.25610888969668,1.41782046484554,1.32199804751058,1.35958170122288
Botswana,3.53612639066959,3.33142889330576,4.12628414641928,4.36596305241038,4.29817441900342,4.46410856712035,3.93079043941541,3.47621569187939,2.9268685141846,3.0987233638581,3.48753923788526,2.8899130139627,3.2780654653965,3.48711927040061,3.67095953880898,3.72228275518581,3.12570493242816,2.76858482364336,2.42484695713432,2.47524241034127,2.47232108933113,2.86135510967518,2.36031199571786,2.10385546446591
Brazil,2.12849101627132,2.51412544936174,6.32966494325592,1.99051191741157,1.52895950484981,1.92947291546222,2.01599624291609,1.8621369803338,1.67601611666281,1.59943077358815,1.70146281687983,1.68056338028169,1.75950120476616,1.97229782449759,1.91856664740409,1.52487017249939,1.47823999818697,1.54309790386631,1.52425591394582,1.53674233770606,1.53353798095379,1.61517365540081,1.60423438728835,1.42958690711957
British Virgin Islands,,,,,,,,,,,,,,,,,,,,,,,,
Brunei,6.62997709980055,6.23437304161469,6.56636890769472,6.63017982799062,6.01614086573734,5.69791980705457,6.40717603716162,6.03576751117735,6.4189657562734,7.1012051315278,7.25663716814159,5.61754520969604,4.06921008393329,3.88621404429925,3.87075867842087,3.7114242734467,2.53272674322409,2.60967129924863,2.55681506435932,2.63836518874875,2.51496477578574,3.26043788513522,3.15995871066333,
Bulgaria,,4.29518518319207,3.7452690131946,3.0213706705969,2.98804780876494,2.60956841753095,2.4923896499239,2.38078555196871,2.40285272455939,2.43071174685653,2.45306067290856,2.69854111416222,2.72276093402599,2.92749517396855,2.85337335815246,2.75328630404747,2.57384980368737,2.42064468253729,2.26135606371592,2.45079202028096,2.00302963995105,1.98326708050352,1.87204188132097,1.47743949383717
Burkina Faso,1.79675378503471,2.10931477331055,2.25018505067082,1.83171301872718,1.74453485288811,1.55631029127525,1.32094839736645,1.27974927472066,1.18655677209692,1.08495590594769,1.16029111759835,1.14216323959078,1.15657250304052,1.08151413727084,1.07726187680779,1.03144779703082,1.12263865957447,1.16609778909942,1.21395756711124,1.40834543501505,1.47346217079753,1.3166289731943,1.4070006863418,1.36675681298107
Burundi,3.15864283646127,3.39475962272905,3.50736029874457,3.68101633804944,3.59042559710276,3.86134272452622,4.53532195101673,4.20226931256704,5.85328772329912,6.35939323220537,6.57171414292854,6.25823451910408,5.06643899636261,6.47350415576431,5.75746684902192,5.71892519886218,4.99216247149075,4.43561734524992,3.61490207030485,3.50996929811594,2.70592930198939,,,
Cambodia,,,,,,1.76128859526266,3.84234279291627,3.58086904305685,3.23845437631514,3.00630964253581,2.66204376881779,2.51194798697772,2.19419113701547,1.79294234365821,1.57921037191254,1.45669061016871,1.26875496765141,1.12214308405685,1.09885890405047,1.06443147133141,1.04364272260845,1.94394689527412,1.55798382539942,1.4946095635593
Cameroon,1.24846072578515,1.37200762489094,1.49427344217959,1.50889166023511,1.46778082386883,1.34503298533274,1.41330403515781,1.25405138078122,1.28792361732493,1.42166031896273,1.48674007230179,1.49093849716641,1.25824487622419,1.40198032705832,0.685737451366851,1.38941518251863,1.40390768037292,1.34863308036939,1.42743009320905,1.43241928017412,1.45827453194092,1.54668703456177,1.57176216992994,1.36484687083888
Canada,1.98680789568973,1.93469032791671,1.9587569732366,1.89548081538796,1.86172338967565,1.821822262316,1.69664782655509,1.55412091912155,1.40381232792903,1.24624320151167,1.25632122477931,1.24170306410258,1.14492507270729,1.17070740617735,1.1563832232491,1.1500401838152,1.14253090465146,1.14561686361999,1.15829716527453,1.22307364919596,1.28718774517936,1.4157104222736,1.4650918867813,1.42468973462346
Cape Verde,1.92145885374675,,,,0.996156320903441,0.557769741395355,0.843963057957244,1.27407720020129,0.84902738861097,0.836178851024501,0.864732817228464,0.844799646142494,1.26126169804353,0.824442041858661,0.72844112585884,0.710453146200863,0.698044078307636,0.712416821855184,0.630491125888746,0.596725468988923,0.549485420220266,0.524910725265654,0.499526550693993,0.509268937369531
Cayman Islands,,,,,,,,,,,,,,,,,,,,,,,,
Central African Republic,,,,1.53798388562428,1.61667197917847,1.47396698596727,1.25320692167193,1.16,1.13975155279503,,,,,,1.02513692764093,1.31836139784823,1.18961382703708,1.14041891879188,,1.12669126691267,1.58907657657658,1.81764705882353,2.59908443540183,
Chad,,,,,,3.30647946426417,2.3356939393097,1.71809726276615,1.90941487121119,1.33098489143206,1.14636047520513,1.6933059965127,1.90644509044814,1.79566491669411,1.72519670229052,1.49633642773192,1.14477306053148,1.04769577688042,,5.56879094699226,7.31837606837607,6.16028708133971,2.64775413711584,2.54691689008043
Channel Islands,,,,,,,,,,,,,,,,,,,,,,,,
Chile,4.93600584370088,4.07792344220025,4.15700293390874,3.94652598795225,3.72134840826765,3.59505451228365,3.37005397652777,3.05907371601121,3.08925656128482,3.20828176754783,3.4186515442383,3.82352112799689,3.79048159793888,3.78990146072449,3.64897137093883,3.41892603004339,3.48522826883812,3.27077450259976,3.18222167106631,3.05876102062307,3.34903490432277,3.06407613914906,3.04154816218489,3.23456357928286
China,,2.58940814368861,2.62484063467575,2.44703073709341,2.55910264267276,2.0716648883933,1.80298311752172,1.72715264904094,1.75619515402534,1.68411988907601,1.7772090708751,1.89569231798566,1.85456661932885,2.07012581285382,2.17729697705002,2.12041051500972,2.07032424867964,2.04934244522533,2.08955088367523,2.05409642769833,2.03155322494156,2.24110793987865,2.04227611174538,1.95186114083429
Christmas Island,,,,,,,,,,,,,,,,,,,,,,,,
Cocos Island,,,,,,,,,,,,,,,,,,,,,,,,
Colombia,2.03727653463183,2.22784611969364,2.20979485886035,2.2101607794291,2.49738580099219,3.00695933401865,2.50840842492356,2.83162627876616,4.44537608353311,2.80179937307233,3.4409778550083,3.76274193373332,3.01763455131037,3.30571149444545,3.40281772385721,3.45412787833128,3.46501517406308,3.35287338750456,3.27613063886762,3.26673966297973,3.70241790132568,3.83378037173668,3.60896852480425,3.29717187311688
Comoros,,,,,,,,,,,,,,,,,,,,,,,,
"Congo, Dem. Rep.",,,,,,,,,1.54674775513869,1.375000022,0.428432721161327,1.15776474792351,0.976438892630875,,,1.38811552101381,2.11370895354473,2.29734111786074,2.32442394908121,2.04933374947695,1.37039863533312,1.09227013627352,1.40113392070276,1.52655576369507
"Congo, Rep.",,,,,,,,,,,,,,1.38524630181126,1.66444961755903,1.90609311940152,1.63083312973369,1.30669324446382,1.09014000890516,1.26386444592486,1.19423123635022,,1.11258573388299,
Cook Is,,,,,,,,,,,,,,,,,,,,,,,,
Costa Rica,,,,,,,,,,,,,,,,,,,,,,,,
Cote d'Ivoire,1.25062037391632,1.33003716608526,1.33363727100203,1.3749800181066,1.40577891179329,1.34601724057632,1.01175845964161,,0.845430400049173,0.798024290631677,,,,,,1.55306165728065,1.62622978045222,1.52933688691388,1.54164799766557,1.63374168394923,1.57367282442489,1.81985294117647,1.69133192389006,1.48767605633803
Croatia,,,,,7.61106145858234,10.7273381392355,11.1480673890838,9.34561097285562,8.30561722081428,7.64723131223442,5.68479285664514,4.48875029608568,3.06594907427287,2.73079066127651,2.76585722610924,2.07791361161584,1.71767296145113,1.62121705219557,1.70386620133361,1.64966086365789,1.85383397342922,1.77989024038029,1.66993694740129,1.70922912922208
Cuba,6.12090321826698,6.53027153980489,6.40627829058045,6.51073069424541,,1.81249513228,,,,,,,,,,3.50681726390262,3.41074476216403,3.84577504091998,3.21375144334412,3.20117399131451,3.2957165552197,3.34464808136342,,
Cyprus,5.68881978954745,5.36805852482005,7.3740356066831,7.26477616181254,9.1292860227529,4.07495257580847,4.02398920754923,3.23060641541535,4.79238737674574,6.00499018833583,5.06792247309218,2.96825662508861,3.02535161254074,3.38731813344223,2.30426061800995,2.16815384615385,2.14168678375492,2.24330854626983,2.1059625142776,1.8577996095472,1.79325504714525,2.00047208780833,2.06699112510736,2.1675853099647
Czech Republic,,,,,,2.09852429681754,2.05618624781937,1.84360973243371,1.73191604104282,1.66202987494456,1.82592696971211,1.93985825186608,1.96810584682083,1.83691864228605,1.90548893294333,1.97886468060981,1.79166672356557,1.8756081405469,1.65119657913159,1.50028408990073,1.29474216761152,1.38595564588919,1.26365576518772,1.15175684001648
Czechoslovakia,,,,,,,,,,,,,,,,,,,,,,,,
Denmark,2.04929593171463,1.98409295145479,1.95075703504915,1.95468015000635,1.88937728533689,1.9071976696874,1.77010988336088,1.71331329171346,1.67332405786694,1.64537361378983,1.6389441524903,1.60102449745483,1.494555872154,1.57358692014366,1.54938637189789,1.5046166565169,1.46237160512352,1.34605441036669,1.42021096319758,1.3408531060649,1.3923493228197,1.39413936237251,1.44348040176719,1.46047220311261
Djibouti,7.84748568342016,7.59690316080839,6.87911907469007,6.8713259943467,7.0338155153541,6.66573298916049,6.24603042908558,5.94872026770372,4.96497522637963,5.28230500582072,5.19277606727632,4.99513501769132,4.72105939552066,4.55025331611138,5.62468349851696,6.71367991431962,5.60844772967265,6.32658180421095,6.44004537304695,4.07119109713125,3.69208038163524,,,
Dominica,,,,,,,,,,,,,,,,,,,,,,,,
Dominican Republic,0.879743034786666,0.799660361118172,0.67655858211558,0.34838688768979,0.559476285771602,0.750284670457341,0.72686382597272,0.544012404241022,0.630363596630591,0.783095058411458,0.779998123892486,0.816302070166487,1.04326041155091,1.24807199830382,1.09053817929733,0.777360240612736,0.70800214028739,0.814214089776295,0.7245744018395,0.670937611305236,0.737804495829999,0.69021075403991,0.696094588102498,0.613692679353172
East Germany,,,,,,,,,,,,,,,,,,,,,,,,
Ecuador,2.17725982362742,1.9846686301487,1.95150235477471,1.84254613642429,1.75965306374633,1.83315621679065,1.56679044295372,2.35195091117545,1.97009584760985,2.11118625734511,2.36078272484848,1.77521891731006,1.66938620473946,1.80705874733531,2.0430572908057,2.60124629617199,2.17487049258856,2.5823996632161,2.27790383644324,2.87889543946262,3.03642283268956,3.74650187927725,3.61170756221192,3.44463379421968
Egypt,6.46372917299543,5.07871331815077,4.66414323552887,4.85777249859146,4.45363048166786,4.38337628865979,4.17257142857143,3.89411764705882,3.49433304272014,3.19781872884543,3.28427279053584,3.21228868660598,3.18935607174361,3.30610538054084,3.36262863465296,3.34083832540181,3.02575724758719,2.85385330704678,2.74032702526731,2.50214822771214,2.2930206588498,2.13730569948187,1.9985082048732,1.86244797044147
El Salvador,5.08842641909102,5.47886947816985,4.19815907806709,3.52222797927675,2.9999178815547,2.38859005352299,1.97176841948098,1.69675412614914,1.55703981569764,1.45149745084071,1.33719938689379,1.3127743701025,1.21988204246012,1.38543005244191,1.42590534504812,1.1032319379,1.02542678642639,0.994512630310405,0.997266949495167,0.994782366487772,0.975222808081751,1.04060790862011,1.04536608813743,0.962952359883925
Equatorial Guinea,,,,,,,1.8921782959629,2.10261017736974,,,,,,,,,,,,,,,,
Eritrea,,,,,,22.0305730401373,13.4037616023449,20.8417808774633,21.9570838815043,12.8271011965217,35.2738251658978,39.6154188551589,36.4029909484455,24.2272802402288,22.3153543418485,20.8661091330628,,,,,,,,
Eritrea and Ethiopia,,,,,,,,,,,,,,,,,,,,,,,,
Estonia,,,,,,,,0.961203836198767,0.876943487379906,1.05117785623705,1.07108251894591,1.29141166038968,1.3782837659833,1.50626841800557,1.67174508187411,1.74333951641075,1.70361723728577,1.91383454824779,1.87442553058142,2.02247712650215,2.1221514222691,2.2688576494624,1.74061800455607,1.66531019221462
Ethiopia,5.68059091583664,6.8629722999468,6.4971583362973,3.95904363930574,2.45349282521887,2.18779248166574,2.04469658066606,1.58537458721913,1.49821091600578,2.61700360011077,5.87567976374834,9.50704225352113,7.61463209698716,4.3497434842048,3.72014195436666,3.26423470119126,3.09943516128787,2.78474996879089,2.28424009588628,1.87744848139693,1.50099226076509,1.19263414643568,1.12054502457029,1.08401145675072
Faeroe Islands,,,,,,,,,,,,,,,,,,,,,,,,
Falkland Is (Malvinas),,,,,,,,,,,,,,,,,,,,,,,,
Fiji,2.22348198538675,2.45684979413195,2.28282828282828,2.34573947110676,1.99365851539765,1.95915129883006,1.84478371501272,1.76116063372911,1.54283801874163,1.47861466706361,1.3640368198803,1.22604763025122,1.90247924847048,1.97650995967867,1.67751009856116,1.6102762500652,1.71575938748871,1.43380539425518,1.74254104931503,2.22499718683757,1.49242567755077,1.7741701407875,1.59356004599967,
Finland,1.59012240892272,1.51261700537424,1.54171704957678,1.75669173991105,1.88426924328036,1.84951259622947,1.74539613592145,1.4594437041972,1.5756927701728,1.58316260011175,1.50989016642231,1.2687927665732,1.27917092174439,1.18674975590144,1.19181877671498,1.37840047824862,1.39952451630699,1.4012666027225,1.37604440020511,1.22504587666129,1.32924004955028,1.50187226840098,1.42832501488418,1.49083107568473
France,3.60643407726027,3.50728948733089,3.42328306934533,3.42894805139034,3.28668709413936,3.28361431716923,3.24506296841993,3.03875213617194,2.95024907299258,2.90597193202385,2.72590156022515,2.67079988371669,2.54945127614617,2.48650432675958,2.50698769106051,2.56212317411568,2.57856530293642,2.47635833012717,2.41680828346427,2.34646947609866,2.33101161548628,2.55313248956227,2.30320057281706,2.24884200038292
French Guiana,,,,,,,,,,,,,,,,,,,,,,,,
French Polynesia,,,,,,,,,,,,,,,,,,,,,,,,
Gabon,,,,,,,,,,,,,1.80145224765811,1.91044084869887,1.92016757826138,1.79023045665085,1.71408981830648,1.31265177536153,1.16197535810878,1.06392009152831,,,0.948378082735314,
Gambia,0.810531310003912,0.960712826862907,1.09274310727428,0.578908742234663,0.491044551772601,0.338576186452419,0.310370825553989,0.367912141452357,0.463277800561914,0.519690013017327,0.481928241903427,0.43193262404628,0.424507189561188,0.357026297926142,0.390720315780118,0.410205891845258,0.333698103340559,0.469274357704792,0.417645802179022,0.54534047584576,,,,
Georgia,,,,,,,,,2.21017302703038,1.25358766896378,1.13697395615685,0.924374855931971,0.615582490752134,0.740186005258762,1.00053299706695,1.06841439409775,1.37414433727014,3.33879977509285,5.22120762187931,9.15629195397693,8.51906989440118,5.60435894584677,3.90486321448658,2.96337276225152
Germany,2.58840442120357,2.4820817684467,2.46836224058457,2.18493418480386,2.03275903906819,1.8539100713065,1.69139266075637,1.6315390857452,1.59989333333333,1.53984105406253,1.52176353523498,1.52999700029997,1.49225885225885,1.45810932965412,1.46177656880218,1.44633294528522,1.39408844559821,1.37565186117605,1.31228661567051,1.28021412394482,1.32686555097421,1.43887134133502,1.37403100775194,1.30554691146725
Ghana,0.47564869049384,0.423365832993063,0.468556879596506,0.617912171048369,0.642197719266619,0.697296040908034,0.69164265129683,0.761123366487351,0.643812782770512,0.658948233593606,0.768963922294172,0.767743126755362,1.02016388914465,0.60939252496014,0.599647988211698,0.69833141115849,0.634639208861596,0.598391129828256,0.371023457174761,0.509619465108971,0.397632348464877,0.434443282970807,0.388770198680505,0.251417386609071
Gibraltar,,,,,,,,,,,,,,,,,,,,,,,,
Greece,3.78220571881856,3.39078728889475,3.42204792444125,3.1381980370014,3.26951328358351,3.24321349548614,3.2261591639347,3.20253859573093,3.34244751349039,3.39674104382233,3.56621507408148,3.59651916381899,3.62475860061982,3.41010675499384,3.24112551881351,2.61141387405655,2.7497055957605,2.92774402175571,2.90292361107215,2.79883680317143,3.0993430763546,3.28610507698533,2.3786077475966,2.7221393030695
Greenland,,,,,,,,,,,,,,,,,,,,,,,,
Grenada,,,,,,,,,,,,,,,,,,,,,,,,
Guadeloupe,,,,,,,,,,,,,,,,,,,,,,,,
Guam,,,,,,,,,,,,,,,,,,,,,,,,
Guatemala,1.5916281779887,1.53686362847917,1.47157678435453,1.08028516797068,1.2540423299673,1.07871278967974,1.07942788779142,0.989939804261774,0.821126764662818,0.742537209040132,0.720836747296262,0.675600909681102,0.818068164685042,1.05185953252804,0.762429633713789,0.81588516933352,0.479415837315775,0.384154539883473,0.432047010891674,0.398456449244938,0.425522566384393,0.390626775760748,0.410672316813279,0.425868484143725
Guernsey,,,,,,,,,,,,,,,,,,,,,,,,
Guinea,,,,2.38019187602236,1.69438207708291,1.34050610488822,1.35591102753964,,,1.17267137144351,1.25500851479341,1.59510626395939,1.47694653828746,3.03530539432345,3.21506106958784,2.44119925740765,2.23102099856577,,,,,,,
Guinea-Bissau,,2.07221108806257,,,,,0.855925837921265,0.870947718835304,0.701776941292526,0.676895594755814,1.4047619047619,,4.42372881355932,3.1069226796652,3.12507235034161,1.57929608724145,,2.11509058054951,,,,,,
Guyana,2.02754960355881,1.20038729605497,0.90647944603461,0.603017724687528,0.983243607756973,0.975965528629677,1.01466514121433,0.915362878643679,0.787568512741649,,,,1.50293814001179,1.75652464158744,1.90565373530578,1.87494786351872,1.7907833011066,1.90934840756218,1.11897357208423,1.22106709905694,1.35094060101404,1.40348668890427,1.27414839416439,
Haiti,,,,0.08740388338773,0.08262466177039,0.091529228909421,0.075409117932351,0.092071988018365,,,,,,,,,,,,,,,,
Holy See,,,,,,,,,,,,,,,,,,,,,,,,
Honduras,,,,,,,,,,,,,0.730398046789663,0.822525733009219,0.809032451032678,0.998474704186549,0.682940611028264,0.641637197120443,0.692235968782533,0.776222024836052,0.953825924469553,1.10621088470348,1.10519042300769,1.06878117576144
"Hong Kong, China",,,,,,,,,,,,,,,,,,,,,,,,
Hungary,3.80334415467201,3.08956236617246,2.79321480314343,2.3965893733046,2.34099678325865,2.12392801859995,2.03784707123453,1.56074840921403,1.47096767200097,1.68915906639044,1.47083369322386,1.67331164703029,1.72694772965518,1.80368008311497,1.63305229763984,1.67774794332053,1.50365704980272,1.44676131195153,1.25302787439522,1.30524566671683,1.21106852576857,1.16544339731551,1.05016655287479,0.989301811801394
Iceland,,,,,,,,,,,,,,,,,,,,,0.046424196926691,0.082053803903553,,
India,3.47911512083923,3.42678501264241,3.13879409144004,2.90855344014166,2.71126928695767,2.82715752961428,2.66834868453312,2.5759646700295,2.47309057308722,2.6456480244027,2.72821389045602,2.97187491671323,2.9603637236284,2.93400005393937,2.83325010680955,2.68155993930826,2.82831859389694,2.75358351683788,2.52636618199243,2.34204716578205,2.55059312835398,2.9021183915636,2.74688473560844,2.57910157606368
Indonesia,0.942077014290471,0.855877409082751,0.869271185760232,0.81570243076698,0.836063242658869,0.753844778609266,0.779917918237629,0.755532101989208,0.756710891048538,0.738256193447403,0.642843576815266,0.580959930425864,,0.477670832315914,0.785362701111968,0.987051254200679,0.945716156570129,0.750789080158598,0.716425480370125,0.774786825419629,0.633480984934022,0.612410887579816,0.65864226928534,0.672996104196033
Iran,1.95178992312952,2.41027478381451,2.05012548820777,1.65558007083466,1.38891238985232,1.51628680992147,2.36128720262389,1.78778904632854,1.91747107617399,2.12759563862676,2.35284099055488,2.97417692814246,3.68268625096716,3.87533213660345,2.31457447788238,2.74088537638157,3.05249098171308,3.50793092928927,3.68195285378254,2.73067581503204,1.91983400912436,,,
Iraq,,,,,,,,,,,,,,,,,2.38295967478277,3.57711739047182,2.74223181207192,3.40841310761275,3.3204498008384,4.62138338576745,4.41510309531266,5.06575674090802
Ireland,1.08760026543718,1.00926408045563,1.26156617978211,1.24204109168055,1.21099946625514,1.15096214496314,1.14465187500801,1.04722129043024,1.01509490417088,0.943038443866819,0.842524557232697,0.769053329749751,0.712308298868614,0.72636712555102,0.656331369080982,0.606462766569305,0.589133035721014,0.563435424822469,0.532257670307308,0.528081248321206,0.600588592188968,0.634509024681125,0.616698363488008,0.597680870376763
Isle of Man,,,,,,,,,,,,,,,,,,,,,,,,
Israel,15.5725901479185,13.2758475408522,12.8950876924895,16.0268436392739,11.8296258126383,12.1333936954537,11.0257166638478,8.92547000740387,9.11855190670387,9.1491966089736,8.65776073803391,8.36723659022627,7.95212426482862,8.39278910591025,9.63605791686128,9.61957627902674,8.72213956833518,8.02783728759431,8.10177900368389,7.46541939543664,7.11493970108988,7.00220417527435,6.54976931715171,6.76795532438486
Italy,2.28416035691548,2.22721256261691,2.06230250473095,2.0360245361119,1.96566072335561,2.00446434370582,1.92267255216118,1.7119004065725,1.85104881725158,1.89569473364435,1.91716315724057,1.96120261348065,2.02997288018825,1.95837067559142,1.98844274817797,1.99686979464847,1.96576119078674,1.87687172301872,1.78368664619111,1.69058155549276,1.78751925132201,1.8147061018366,1.72724594062992,1.56762958137959
Jamaica,,0.533495810285893,0.597140918478575,0.552760501154736,0.949797190532728,0.647388537827221,0.492708205685388,0.580035807467097,0.65499856790816,0.737447981769527,0.544870099650826,0.511029774300017,0.486901365429483,0.509347226039607,0.58802624880874,0.583560007178875,0.538023526961073,0.51750700280112,0.58601226993865,0.626002166847237,0.92861328125,0.912386980108499,0.772673931265717,
Japan,0.945842898587145,0.928537952547232,0.912120845637896,0.90863146321538,0.924253404882774,0.940655688659004,0.942624753047645,0.939592419398657,0.940549460595373,0.940752292199726,0.964408223736463,0.977217019024637,0.967912760365591,0.979144808989618,0.992893876954084,0.993074537921656,0.974340578088891,0.967646551022717,0.952659136705698,0.928504925774189,0.950301600548912,1.0194450169345,0.9954891637808,1.02059208435699
Jersey,,,,,,,,,,,,,,,,,,,,,,,,
Jordan,9.71559795089207,9.27448252603179,8.02008769628602,10.3323876571749,6.924440560488,6.97740216116531,6.53963564755105,4.45424852268957,6.02569060571334,6.12975689007662,6.27326872732222,6.28088248830653,6.24906264060391,5.88946649286197,5.44485975807164,6.00243416685107,5.14172128874042,4.79532278988433,4.65557706523665,6.03391737003237,6.10514255439336,5.89514937988151,5.17534910219945,4.74201210523313
Kazakhstan,,,,,,1.01960704344546,0.897350643069808,1.06488922194066,1.15133345957975,1.07048292833894,1.09619801028522,0.852981539942125,0.784645080413812,0.99981747947367,0.998337701524197,1.02992745863145,0.98805235171536,1.03680957226862,0.979074131106955,1.29963172950477,1.15243836772068,1.10538512470302,1.01304039688814,0.963349891816174
Kenya,3.00370006753267,2.75991011953351,2.87527170121244,2.35427836082821,1.9007692381215,1.83776752755987,1.64155031783814,1.64814353653688,1.41802737798656,1.34062387626848,1.22013398554457,1.17804328003548,1.30331873159665,1.50447795134584,1.62685331759665,1.65014110491243,1.61418283661441,1.69072383407795,1.66994644905264,1.81624019027953,1.9011232144405,1.89667687330926,1.87146166000499,1.53536035929643
Kiribati,,,,,,,,,,,,,,,,,,,,,,,,
North Korea,,,,,,,,,,,,,,,,,,,,,,,,
South Korea,4.34099254985906,4.19053527060777,3.8330758666201,3.56669579549351,3.52081775234598,3.41790071746673,3.19304472966848,2.99369894069693,2.94251135318964,2.87599249737547,3.02745615187518,2.71558278797567,2.58754450994304,2.56487720888306,2.44858396958166,2.46169505250656,2.46960699979574,2.62285275167812,2.64530002845687,2.64252886884585,2.79925467518299,2.9220586556258,2.71683984716625,2.75743451648746
"United Korea (former)
",,,,,,,,,,,,,,,,,,,,,,,,
Kosovo,,,,,,,,,,,,,,,,,,,,,,,,
Kuwait,8.24499429352166,8.53994849249626,48.7074163400663,117.387694904726,31.7858057064383,12.4476160060276,13.2655831159877,13.5814641360611,10.2976892577502,8.09210883614837,8.8022156589215,7.59071217768252,7.14779602420052,7.70021493318382,7.40293356341674,6.53956683255064,5.8057886624422,4.34450896452338,3.559552086868,3.61867345999202,3.03129732458354,4.05538421156244,3.79693551102879,3.19476362442548
Kyrgyz Republic,,,,,1.64575752416598,1.53136496909257,2.58752662406816,3.45615697642009,2.98726884992286,3.11219884180579,2.66811774824905,2.5992931522822,2.85198781485146,2.34694443805298,2.72666898811682,2.87105510857936,2.84894454076885,3.07732866068314,3.16871426299274,3.38765180830979,3.41663656785213,3.51848621603207,4.20657505378471,
Lao,,,,,8.97721647793216,7.93901178475655,7.39303146200628,6.17292637687942,4.11429876311925,3.45266218426313,2.60512317442765,1.06492121424091,0.784550771625504,0.71329401724643,0.650379556419199,0.540482631613489,0.483047996290516,0.428848328645338,0.384822855587334,0.345220504023153,0.315107423367167,0.239564768804235,0.225932036143031,
Latvia,,,,,,0.81799591002045,0.930232558139535,0.891438316344328,0.682682617600208,0.620281231581016,0.635424940428912,0.776083680109093,0.89248953219235,1.04599624820686,1.58032066616594,1.68940638952268,1.66790997698015,1.69994811846651,1.84396147357192,1.67119874996076,1.72965151475467,1.40642729630786,1.08354824361148,1.04512393192571
Lebanon,1.18731563242506,,7.5519515489067,5.15488870698058,7.97978763808372,6.01298617802163,6.64083361447379,6.36813446314263,5.37354317450463,4.30515463917526,4.02309839764427,4.77062121038783,5.38816295157571,5.43090164242492,4.73815461346633,4.59785301403798,4.38091758760313,4.40297375208618,4.49654112221368,4.59852275434834,3.8879700077186,4.08364831240852,4.18524022191012,4.15760954444433
Lesotho,4.5699051404218,5.76119245241926,5.10364264256551,4.31711469943297,3.40636214378098,3.09519819899661,3.50196169302809,4.23241692336765,3.56479860893063,3.41976891895832,3.48175951724304,4.34749022335239,4.09576280296138,3.40104825209524,3.06024121172979,2.88892716965567,2.54624071766946,2.45916561142021,2.470009014073,2.49673136769038,1.68240925704128,2.772141693202,3.24025950972122,2.35000832031937
Liberia,2.40778195126649,,3.69406867845994,7.18390804597701,10.1565995525727,19.0149625935162,29.7276853252648,,,,,,,,,0.178704199289815,0.682500028495647,1.4799996245502,0.650684294248182,0.472613202952061,0.459355025076916,0.81772332399948,0.857260116052582,
Libya,,,,,,,,,,4.07802671566895,5.29744153194161,3.7838602447132,3.20248826426288,2.88439171900442,2.28174603174603,2.27272727272727,2.05990783410138,1.52188552188552,1.11618257261411,0.921232876712329,1.18070175438596,,,
Liechtenstein,,,,,,,,,,,,,,,,,,,,,,,,
Lithuania,,,,,,0.778257118205349,0.495740653099858,0.453120589502459,0.501388460351743,0.745406616841253,1.22844664809557,1.05046085837008,1.70322366234629,1.76820479923679,1.69963184245853,1.69770046735043,1.49287534809834,1.44323373170285,1.41799770028312,1.37327694283215,1.40918791236462,1.3668259370332,1.12866186177276,1.03767711261627
Luxembourg,0.921062059303809,0.763239969952611,0.763130063130124,0.785433049612032,0.800744019315674,0.684537497442984,0.721279881789013,0.688272238142194,0.690021903447577,0.724695049541128,0.740757754987195,0.663756863849388,0.631800950883158,0.793007358576663,0.679384635904019,0.681264830090229,0.688376633073401,0.647238504086519,0.580774877506618,0.557474560221923,,,,
"Macao, China",,,,,,,,,,,,,,,,,,,,,,,,
"Macedonia, FYR",,,,,,,,,2.96014289633733,2.2379489129263,2.20639198539704,1.80326211965492,1.94678285883498,6.58438853751053,2.80403558145311,2.43527950560575,2.45281910871975,2.12132098748695,1.92120827722389,1.99238881171761,1.75576909438358,1.70426519145472,1.42291347033243,1.30331456239307
Madagascar,1.35297574359879,1.21084069374614,1.22714502872862,1.30404318848559,0.762750621643027,1.12384651686148,0.925359700116623,0.860599612419955,1.23884302706193,1.48190046002705,1.34930670753698,1.21147106793994,1.21751010457173,1.43584375339275,1.31316813045801,1.32474890554922,1.25067852091319,1.07011206448917,0.981781069378185,1.1192077444931,1.09657539504129,0.837135121257216,0.652931332473732,0.724787529707918
Malawi,1.46276595744681,1.43338956559339,1.29178387361422,1.07653951016689,1.40186917271516,1.23949713745924,1.44314118270724,0.791260446600596,0.8848997187514,0.990985958113677,0.827276144375782,0.811014322709728,0.672349826162161,0.739145582184102,0.555821941266844,0.540974592395963,0.836394750337391,1.23434501399098,1.24001553970397,1.20305201393505,,,,
Malaysia,2.42611232371835,2.62370173042603,2.55540344426745,3.19930726597345,2.98642187029563,2.87526196762088,2.84712976177274,2.7513575311871,2.40055496064735,2.08555863326673,1.60533541882619,2.10164777318306,1.63467554804841,2.0849228116252,2.21913139689937,2.61480673115727,2.26306196840826,2.26186488529893,2.0856798174225,2.12585020769443,1.98216655570665,2.05518731891238,1.62265999451487,1.64611620831189
Maldives,,,,,,,,,,,,,,,,,,,,,,,,
Mali,2.46489243459724,2.29508205986205,2.15412616005279,,,2.21548195059262,2.26840546902529,2.18525079443727,2.02268991275734,2.16655475973407,2.10182289515329,2.2747215209095,2.40034796649715,2.27213778077502,1.96574194567622,2.03514054189606,2.11654232280288,2.25844469099067,2.24625855238505,2.20729927007299,1.97546639407105,1.94424757854949,1.87927753622206,1.83509117295414
Malta,1.10838490074113,1.0057801068697,0.830370078496562,0.790667785170791,0.883305236505872,0.909421261432375,0.92948233571044,0.86522091609242,0.906811547194291,0.857103498943888,0.763373172429798,0.716154439303811,0.640678385739044,0.692249628673696,0.661151311241185,0.666570342543401,0.718113399103931,0.877812837332891,0.69536084505932,0.655643342926802,0.655022432275078,0.729808071625817,0.71942177588137,0.713327076489911
Marshall Islands,,,,,,,,,,,,,,,,,,,,,,,,
Martinique,,,,,,,,,,,,,,,,,,,,,,,,
Mauritania,4.44117523416505,3.92556150540875,3.89346507739368,2.7048903879797,2.66788701399694,2.38409245143774,2.21379917254311,2.2868315954825,2.6268431602197,2.95927703006215,1.85202333549403,2.27499609515596,2.94418345821848,4.01597937054808,2.75077938749312,3.98895739842144,3.82823964780195,3.05155577623304,2.69364556766744,,3.44251544773774,3.79004102443248,,
Mauritius,0.218723407911578,0.288802925698616,0.3473630831643,0.366751637928992,0.354723557473396,0.329907357068218,0.333304308914799,0.333111892271318,0.293578475575279,0.233627223286323,0.202915781255453,0.210961445104074,0.204505371411692,0.198265280981945,0.199526824485925,0.194221019034872,0.171415191059856,0.173187436569314,0.166240551123585,0.149181617809269,0.158941001827167,,0.148469306276005,0.089295757192955
Mayotte,,,,,,,,,,,,,,,,,,,,,,,,
Mexico,0.536145070248408,0.517255853879605,0.505212146362122,0.508666921553606,0.550058775557418,0.577218854971156,0.684996869168766,0.597468803916771,0.619982889752922,0.596328471812335,0.588999848509049,0.604348961664561,0.571544406080832,0.569085909022265,0.5360692495083,0.463405442373593,0.411833562901234,0.426590140500636,0.428708065228005,0.461405838488678,0.451324556856096,0.539665660903244,0.522649345063038,0.521094503573321
"Micronesia, Fed. Sts.",,,,,,,,,,,,,,,,,,,,,,,,
Moldova,,,,,,0.532674345389578,0.774784643815987,0.925968813143202,0.906689230272377,0.902777091442896,0.64742563123999,0.511298230031613,0.395144800281458,0.402596859975447,0.419846587081724,0.416381264465176,0.362140383282513,0.401042508673341,0.482634465593045,0.516567875867841,0.608694525857558,0.45838159854377,0.315782152048411,0.298147832647796
Monaco,,,,,,,,,,,,,,,,,,,,,,,,
Mongolia,9.36194719873763,7.92105014102422,4.62358102494246,3.92908635036337,2.10937894650552,1.82143678882986,1.77072567387938,1.46548711916334,1.60569846365358,1.58286902307034,1.7716221777662,1.70434563754523,2.13436890076397,1.82372284326877,1.8103199017605,1.52530881708226,1.39300354649278,1.18083554484426,1.14789142407041,1.33558023356221,1.1870364845867,0.821013186636311,0.88469854990919,0.951643157373248
Montenegro,,,,,,,,,,,,,,,,,,,2.31281120573317,1.74969510909853,1.88292729405199,1.85174810724171,1.82998239286307,1.92765951167186
Montserrat,,,,,,,,,,,,,,,,,,,,,,,,
Morocco,4.13214296885418,4.33556488419329,4.14287540080217,4.12567399624691,4.31803352249688,4.67051408958479,4.49802325410717,4.35921647698632,3.94971124801857,4.19265677228568,3.61044265515044,2.96969214696241,2.32065097195848,3.89749579035746,3.649090982565,3.6514115730754,3.40227517994515,3.41230179711529,3.25196070280457,3.2016019368637,3.31338200431738,3.36064353968672,3.48095386378683,3.33532713027999
Mozambique,3.05020248238644,3.41683470894129,3.36764837116298,2.6120340720825,2.96844542513086,2.87088530363856,3.30349625526176,1.46048227542752,1.11168262888051,1.10274022647306,1.13921106454505,1.24587002649417,1.28445731963401,1.24217179364959,1.27363592336061,1.28139565898228,1.36241802515034,0.946562014161064,0.809468781109565,0.853867035178027,0.846238619852585,0.871482609789905,,
Myanmar,2.09855304733809,2.96793022751057,3.42237204606513,3.1584176648694,3.3681549768299,3.52463791283709,3.53234240200552,3.68760221520714,3.49756306977449,2.66188123543446,2.31709256443132,1.99514226231784,2.3034136355036,1.80077509418138,1.29949664504098,,,,,,,,,
Namibia,,,8.43611248149975,5.81226387678001,4.38650685777833,2.46183616426575,1.74937213128951,1.95183377931686,1.90526946905603,2.30434003940063,2.3205066794401,3.12318700444788,2.363133640553,2.72801702963812,2.61924922382162,2.62438344413468,2.52817544928419,2.64417350629101,2.500555267639,2.59016446255698,3.0159295917528,3.35363839374199,3.56893103829025,3.46966422965393
Nauru,,,,,,,,,,,,,,,,,,,,,,,,
Nepal,1.08444074584558,1.10676718681737,1.07720275392589,1.06622725179926,1.05229107405719,1.02514771006705,0.973041872415593,0.941713242842478,0.900716314535601,0.88088609084071,0.927055460453057,0.947268708556994,0.962085757652416,1.09825398227483,1.44762244718061,1.59234180699712,1.7932031545471,1.92921080670227,1.74916371597532,1.54734572913618,1.5999352669869,1.64549840529733,1.56248036532435,1.4090534017803
Netherlands,2.77348848324418,2.67417067271156,2.51670415182309,2.3887323943662,2.35110827845053,2.1542463579614,2.03242221977052,1.91213420646594,1.87299651295523,1.76953397791589,1.69782378387923,1.70769537511037,1.55086611158963,1.5475810252138,1.53671213678006,1.55238025348835,1.5375093651259,1.49842133044544,1.50773024123684,1.46701575625292,1.42107148924861,1.52903378301482,1.44694041950056,1.40490446018552
Netherlands Antilles,,,,,,,,,,,,,,,,,,,,,,,,
New Caledonia,,,,,,,,,,,,,,,,,,,,,,,,
New Zealand,1.90831081820705,1.85682921682227,1.79137776185443,1.7383605797223,1.59332738876238,1.45906141126314,1.40079663020825,1.39193404311483,1.3659700399309,1.30497807958701,1.29965324879448,1.24124875330729,1.21012926909767,1.13042540727806,1.06234160950577,1.03362615344995,1.00172363685602,0.988332594225171,1.02334036058076,1.01009272525574,1.06649530312828,1.14056236606359,1.12500820528875,
Ngorno-Karabakh,,,,,,,,,,,,,,,,,,,,,,,,
Nicaragua,,,,4.00238204052239,2.63275323516287,2.10242336852877,1.18950338233787,1.10282030687536,0.949704913116282,0.894669832421458,0.735362192331601,0.71949282543475,0.782751441383728,0.683524520762284,0.864468129012108,0.860253234019545,0.730792797755904,0.803440740129911,0.792190998946416,0.790760546984196,0.68776960933228,0.748499440603484,0.67352660208262,0.749813463276556
Niger,,,,,,,1.11764028344603,0.979974447207533,0.875252887017266,0.937598619482009,1.06107295844659,1.16690805217401,1.11683848797251,1.27629733520337,0.951877313590693,0.900787401574236,1.03546626984127,0.963198040198207,,,0.998045494240446,,0.873232078217711,
Nigeria,0.826201606962126,0.578300561485361,0.844085835855999,0.731450194489559,0.483810881551807,0.661649160532628,0.565829400818998,0.707879763588384,0.545338910427022,0.608915820279346,0.890882454423585,1.41382370801738,0.801899890978002,1.18934726936168,1.51510834478786,0.868158157063518,0.728138566525045,0.600597587243436,0.533951151681002,0.584454309953586,0.781981835213619,0.892430278884462,1.0106711002499,1.01627132476114
Niue,,,,,,,,,,,,,,,,,,,,,,,,
Norfolk Island,,,,,,,,,,,,,,,,,,,,,,,,
Northern Cyprus,,,,,,,,,,,,,,,,,,,,,,,,
Northern Mariana Islands,,,,,,,,,,,,,,,,,,,,,,,,
Norway,2.89308542614926,2.91015709214252,2.88623081425907,2.74748719588206,2.96470399365871,2.68734984456601,2.73313708243107,2.35564218914459,2.20844558848158,2.05597873433556,2.19991932372233,2.08065616167349,1.73651570776416,1.73526095282217,2.11843971214646,2.00885440971335,1.87955125820681,1.60655916794416,1.4738621268057,1.49316372165822,1.4036409035616,1.65322993008144,1.53061992861519,1.59511177912581
Oman,18.2663978911459,16.6777666777667,16.5149458033787,14.7450009138816,16.249295091272,15.3634773823611,15.6825639557244,14.6219215629799,12.5461757017386,12.4804992056222,12.4819372700236,11.3731328090049,10.5901141342155,12.1634834582102,12.4270333376573,12.1936496438488,12.0586065141773,11.8151981822772,10.9532895201753,10.3221401526907,7.6219512195122,9.57824639289678,8.46108888189543,5.97826086956522
Pakistan,7.00337158486032,6.62557057289434,6.84625011169043,6.90452866264591,6.77063799987388,6.72147368310502,6.28401438981644,6.00239452667368,5.84857933762952,5.43587479697831,5.2284535429495,5.00275832355186,4.02497470669304,4.03812656581327,4.22220096149398,4.24558950933291,4.11305220385138,4.04628955248038,3.7648207020538,3.57430819553126,3.42679736009685,3.23797853314543,3.24873676712677,3.00616163483374
Palau,,,,,,,,,,,,,,,,,,,,,,,,
Panama,2.11303723458816,2.08695652173913,1.37581871565158,1.3453605600534,1.18649682295901,1.31261461248914,1.30593878896805,1.22184136299819,1.08344686283134,1.17017056723522,0.951292019208781,0.977628029992231,,,,,,,,,,,,
Papua New Guinea,1.26494433629167,1.49719276356831,2.13250113776738,1.38950521411138,1.3379114373668,1.1177086971708,0.981863551706056,0.968569906533004,1.00078001972125,1.30798350189276,1.10205546158183,0.906186991685734,0.873066414675733,0.822407972066986,0.568830166016044,0.547450479996278,0.62202992218117,0.619944360322719,0.54692897640317,0.595808064687733,0.462363602737193,0.540187179435532,0.450026664855801,0.472717084932564
Paraguay,,1.19781274975611,1.18621030520203,1.58195365238078,1.53047506773386,1.09242225872895,1.19510241617098,1.28843286558084,1.13424703163789,1.36628020638,1.26965817592357,1.15192192039533,1.12358358432004,1.02018970132321,0.99855618611959,0.824322744476593,0.876646185343955,0.751581518110644,0.824563210362149,0.773837128069118,0.72882640744085,0.859392060008842,0.840940453612284,1.05704103809212
Peru,,0.262336719903553,0.082675983561242,1.1541800128099,1.7751693318009,1.94479583679129,1.75192207255851,1.86557726877454,1.76975864584546,2.01291331820134,2.03509180239583,1.94815357896653,1.78789140766627,1.68434760399968,1.49361461719584,1.44875337840784,1.4279004792794,1.45994773646989,1.32702467588986,1.16770914806807,1.09331594354818,1.34887576301616,1.27248993212965,1.18735158370453
Philippines,2.45888921422154,2.24292339676955,2.14725264728189,2.01071945679966,2.03646307708358,2.1575400299907,2.17244402019691,2.29413033178712,2.2684055873093,1.91445900946248,1.69729229777006,1.61577718855148,1.60822668373393,1.47137884115573,1.47389023669829,1.55084483271363,1.36062655036534,1.33179520732759,1.31516390491812,1.34866905996499,1.30365576419886,1.25689259979922,1.22159432048881,1.07521657134011
Pitcairn,,,,,,,,,,,,,,,,,,,,,,,,
Poland,2.49757836152109,1.8171261178495,2.38739316974765,2.05699978163854,2.03803657115795,2.25627224359233,2.07694126881975,1.95538843847673,1.96787205635883,2.03122907987341,2.01913123937015,1.92282270372907,1.83683558622098,1.90670682586677,1.90544387801795,1.91435511340725,1.89056588263544,1.94019741646005,1.93777351794429,2.02033249570635,1.73980267078135,1.83734775084639,1.86918579961015,1.8861269157401
Portugal,2.42499437995779,2.43633721799179,2.41368626629045,2.40336352372293,2.38508273627384,2.3380550244195,2.21018715422553,2.29164318671598,2.14661567426368,2.06533334519738,1.90076692049485,1.90373617705505,1.87956194346548,1.93201364456749,1.96703631298429,1.92023932245872,2.00652992884052,2.1054173659336,2.01547476802147,1.88401551625569,1.91007139655001,2.05514897011102,2.10807229529691,1.96063640866142
Puerto Rico,,,,,,,,,,,,,,,,,,,,,,,,
Qatar,,,,,,,,,,,,,,,4.71596390670223,4.00172770040741,2.92633003174383,2.49001059578977,2.09347525975441,2.2072104741479,2.20554515229105,,,
Reunion,,,,,,,,,,,,,,,,,,,,,,,,
Romania,4.31738623103851,4.75,4.54598438046392,4.76428150097554,4.26258873482386,2.75007731760026,3.11412571409997,2.77255994318958,2.47889261498889,3.04437224450942,2.9775426293446,2.68447673079826,2.52683234282209,2.45271201920136,2.30466931509622,2.10108268596644,2.0270189573024,1.99757113115892,1.83570391872279,1.54035684045145,1.49972517605599,1.38110385310673,1.29078732185967,1.19316937896811
Russia,,23.3856897095097,19.0934492393667,,5.26038926880589,5.24750743396886,5.87801882930823,4.42422121106055,4.10897499750971,4.48239060832444,3.25524794645573,3.42096533421795,3.70948313622427,4.08113064090523,4.34412403608947,4.30034787004124,3.85266134256679,3.72979521873147,3.59249829328298,3.44085884597309,3.50801969752812,4.36259042048761,3.94264258150044,3.86915068686629
Rwanda,1.5289685147702,1.71197252447335,3.74775734200654,5.51691840855312,4.37878320274785,4.53639142591567,3.43787692834391,4.36395394467831,5.32858020568695,4.17338345304932,4.3779171060873,4.18669563997596,3.53498605105219,3.39681270062539,3.10953067317332,2.44811605883538,1.97308787944043,1.74317660948677,1.75356830760268,1.4867706754047,1.43605666601979,2.15075376884422,1.34463518004696,1.21199456692091
St. Barthélemy,,,,,,,,,,,,,,,,,,,,,,,,
St. Helena,,,,,,,,,,,,,,,,,,,,,,,,
St. Kitts and Nevis,,,,,,,,,,,,,,,,,,,,,,,,
St. Lucia,,,,,,,,,,,,,,,,,,,,,,,,
St. Martin,,,,,,,,,,,,,,,,,,,,,,,,
St. Vincent and the Grenadines,,,,,,,,,,,,,,,,,,,,,,,,
St.-Pierre-et-Miquelon,,,,,,,,,,,,,,,,,,,,,,,,
Samoa,,,,,,,,,,,,,,,,,,,,,,,,
San Marino,,,,,,,,,,,,,,,,,,,,,,,,
Sao Tome and Principe,,,,,,,,,,,,,,,,,,,,,,,,
Saudi Arabia,15.1519283331147,13.3902791216407,14.0242921328123,12.4697829319938,11.2841582818234,12.4653723126929,10.6447606960884,9.27846839011516,8.46807787280307,11.0009357492954,14.3110374902712,11.3819174515124,10.5943903070292,11.4892115406877,9.81264877657988,8.73711237708911,8.35283578210234,8.04610531834826,8.29444264331403,9.21423679372676,8.02488938455656,10.9565340506867,10.0366761906452,8.4134733182623
Senegal,1.99552954497132,1.9453093664912,2.01099815614978,1.88860577584543,1.82806073989262,2.11202303886532,1.70604629541044,1.65854630298973,1.57476291637684,1.515255095984,1.49275833225821,1.52185659250705,1.33262592992315,1.41240168778173,1.39413746582325,1.41232444040379,1.33940250233075,1.43008958806842,1.58550562943972,1.70329852261848,1.62009147371665,1.62721916553418,1.55236426707505,
Serbia,,,,,,,,,,4.2765401002764,3.96269980380299,4.1823952285679,5.54154466783786,4.3375671627535,4.4926909331955,3.73676676499921,3.12548978367387,2.49458964041996,2.4128563214955,2.49428364052626,2.32750843761262,2.3529732635438,2.1980539599571,2.10717653026869
Serbia and Montenegro,,,,,,,,,,,,,,,,,,,,,,,,
Serbia excluding Kosovo,,,,,,,,,,,,,,,,,,,,,,,,
Seychelles,4.28010471204188,4.22745548535325,4.02623150831173,4.42401898893995,4.72717450027012,2.73252972796872,2.4436854517362,2.2808032394017,2.09583233341333,2.02502120441052,1.73367069627964,1.78169035243217,1.67933282099451,1.77782655216878,1.67695688572624,1.73431637499016,2.27597495388293,1.60613243921516,1.40894734047948,1.49384885764499,1.15374089958779,1.03052753556762,0.929325735093165,0.930232558139535
Sierra Leone,0.670456212977198,1.03397608633813,1.3914581342874,2.08015905055846,2.96841367572709,3.03549818475192,2.90569119975178,2.87376597465952,1.97434584440508,1.11623459260733,,,3.6659655811618,3.71260785579523,2.89951504204564,2.87236725631107,2.09497308398461,1.90028931424727,1.98691188592609,1.77184064304855,1.20607038288525,1.41770532202265,1.29252882640973,1.18541629491663
Singapore,4.55468436243802,4.49157523510972,4.63982406741809,4.47738249272986,4.48393443706499,4.1039013671825,3.81987838608574,4.21880748591165,4.30825079950763,4.48874253487118,5.25379520811706,5.29374516483524,4.59208495787719,4.9135749200852,4.99570238971778,4.92301434433584,4.47543680788223,4.35612129886566,4.00033508851778,3.67073396744166,4.19574021179597,4.40478371403135,3.66150082828877,3.64712923198557
Slovak Republic,,,,,,1.98038844695182,1.92058078530613,3.21445176101747,3.03334143927638,2.33373157603765,1.77671770775447,1.59734571659295,1.677514648183,1.86534218713674,1.79858734277032,1.87629498518798,1.68728251326975,1.7195850024934,1.6326806671155,1.51180524615623,1.48708005696983,1.53992735428537,1.29746726176759,1.10052116917631
Slovenia,,,,,2.24819128732659,1.8201415775487,1.65536805163964,1.60280667747646,1.55694554536573,1.42568151670556,1.3862797459659,1.22915298514379,1.11496168959775,1.32435289417476,1.41411413649289,1.42883973978326,1.45777527681786,1.43790916147573,1.56224854713757,1.46402093094245,1.51825953894572,1.6284053382673,1.64615850151461,1.44225838717909
Solomon Islands,,,,,,,,,,,,,,,,,,,,,,,,
Somalia,2.78901035318516,0.750697102648745,,,,,,,,,,,,,,,,,,,,,,
Somaliland,,,,,,,,,,,,,,,,,,,,,,,,
South Africa,4.00547682436956,3.77548911709291,3.69303299697908,3.14055050722637,2.59224920148223,2.38751753401137,2.49688870161764,2.12351755172573,1.92473868077643,1.61929629005231,1.47638010141035,1.31353367643869,1.46212970413389,1.57096957619767,1.60662837742062,1.63712332136512,1.50557524943951,1.52710043142242,1.41714881901436,1.34407308853106,1.32260656565165,1.39453037856185,1.27393728343442,1.25171164077657
South Ossetia,,,,,,,,,,,,,,,,,,,,,,,,
Spain,1.96364522878858,1.93700286424523,1.73776756674328,1.62672386735834,1.47961301739626,1.62580591031108,1.44136970896131,1.44967073266175,1.38438973947727,1.3394956749173,1.25228686933843,1.22288090878053,1.20636855916826,1.17166889330788,1.1537754813797,1.09656459987588,1.0854707153504,1.04564180279732,1.16747349441478,1.16022146661337,1.1726970100639,1.16392815253605,1.05883718143097,1.01529463388185
Sri Lanka,2.38758097503401,1.78648701223942,2.33075603510429,3.08853348373149,3.36246687499853,3.42297799085204,3.73002880411132,5.85529192598671,5.51991334777537,4.62779394635129,4.64642932221072,4.03268099142468,5.03325405952389,4.28450372994758,3.34344516658242,2.86973488697744,2.99879330852992,2.63782105380747,2.79717424149618,3.26935457910832,3.7182449974301,3.61922299625338,3.03349117004253,2.62889896667458
Sudan,2.62846628991983,,2.5762043900848,2.24580857909813,1.89744183272377,2.12033842184399,1.29277838770768,1.40657501093952,1.1790760875239,0.836659549795696,2.31068960921872,4.0218692897611,4.7490520184019,2.90439148397974,3.23592413091742,2.23914929520956,5.72194903889137,4.25397967443115,4.22285757660097,,,,,
Suriname,,,,,,,,,,,,,,,,,,,,,,,,
Svalbard,,,,,,,,,,,,,,,,,,,,,,,,
Swaziland,1.25850126503022,1.37870659358944,1.3037125841821,1.38451445752491,1.6320278042413,1.74748492632754,1.81759476061872,1.68765984967789,1.65439260771025,1.49167822136705,1.62888868495916,1.67075543524237,1.60685085588438,1.45481466177711,1.49563707940051,1.72546559050851,1.76511217415773,2.30024949796142,1.98376916140667,2.02646488777754,2.20868240670221,3.4126825365073,3.35044881977023,3.09870858290344
Sweden,2.53774699679023,2.46304521263473,2.52419573922727,2.4128306239347,2.40372187534161,2.48031688839909,2.36937235343038,2.25865189340038,2.24390007093098,2.05516019758012,2.01484031794191,1.98936505019358,1.96614619543075,1.81564703743242,1.73516448889562,1.68586413356769,1.52302348365644,1.48914466260438,1.39753029397381,1.38076620160217,1.23926449293454,1.24770187295342,1.27374172854526,1.26672490623401
Switzerland,1.69576670676093,1.65231327487345,1.70280248636757,1.66668313828489,1.64876350010908,1.47948059905019,1.44298393558786,1.4702933676648,1.39112728920775,1.32216692193838,1.28167988088855,1.17322241302242,1.12044949236384,1.08384282861238,1.03463751079289,1.00609719556289,0.96526457751449,0.935533845873903,0.85089126043086,0.811935383169706,0.814454110838955,0.82385933391921,0.779554771785239,0.853235986301559
Syria,7.30998044640517,7.42010198789623,6.41006529322322,9.69303257115713,8.36853860022065,6.74312092905222,7.23175808781251,6.95301895879854,6.03598139701848,5.8881201426377,5.80686298391748,5.81131301489942,5.34013288590313,5.2583121211972,5.2100262385589,6.24672419362797,5.54112827475156,5.02509894200757,4.39302629070808,4.09847033391383,3.55001658446688,4.00928725590487,3.94553830436983,
Taiwan,,,,,,,,,,,,,,,,,,,,,,,,
Tajikistan,,,,,0.401854714064915,3.43676584211158,1.94235645789861,1.02152650043188,1.29672085230868,2.06423281348312,1.71672083597188,1.39038306739811,1.20329496233523,1.15453078820329,2.09464064001505,2.24893861531213,2.1727851466197,,,,,,,
Tanzania,1.40197065734652,2.38264299802761,2.04648408015958,2.18177198549536,2.10967692013449,1.37928156816201,1.29629073800268,1.62886939248469,1.5553494732249,1.54354486772395,1.43766332959028,1.32501495314681,1.3246998880138,1.45050577597993,1.30211986070764,1.07375348371058,0.994875888159345,0.983383142420249,1.03114228046758,0.988142153990116,0.936175456760292,1.027907821664,1.09309994941373,1.07868815420625
Thailand,2.86574469635267,2.61175054404024,2.66539049959013,2.50934012721338,2.65285343425956,2.42321069891083,2.40815071362433,2.29324274126125,2.21208176348938,2.10243401314167,1.88697727573278,1.6346497977075,1.46666555617197,1.48826278824865,1.41634665855019,1.35026225337646,1.14184874094611,1.10110218778149,1.08477580259069,1.34894243499593,1.56379639547133,1.8580882859589,1.52402501736547,1.59401167765364
Timor-Leste,,,,,,,,,,,,,,,,,1.06692531522793,1.80537208278291,3.84010779249944,4.51342601409255,3.56390977443609,4.63139195533562,3.51959776025597,2.59013282732448
Togo,3.12500576594488,3.09405301208037,3.1164045426154,2.86491845018189,2.90105789688054,4.06550415791639,2.58451149463172,2.35626633006892,,,,,,,,1.72264309264784,1.63750190643682,1.57142339862772,,,1.80213878642137,,1.78938051354377,1.64191490062784
Tokelau,,,,,,,,,,,,,,,,,,,,,,,,
Tonga,,,,,,,,,,,,,,,,,,,,,,,,
Transnistria,,,,,,,,,,,,,,,,,,,,,,,,
Trinidad and Tobago,,,,,,0.117800994535834,0.412804429306318,0.451145361534138,,,,,,,,,,,,,,,,
Tunisia,2.30930882386902,2.31493550506262,2.01558845012343,2.00352487363661,1.86782238176538,1.88910864079656,1.90340082712568,1.90009265883954,2.02975931355323,1.7259865582259,1.67958916524016,1.55791856201177,1.54926036407619,1.52143235138472,1.49234678370394,1.48417026401269,1.42641966090348,1.45207900456163,1.44680162863531,1.26117058284527,1.28941486245036,1.29833003787789,1.27126807806376,1.33815938035786
Turkey,2.94061884549756,3.16728685369202,3.53635397325906,3.76120684907832,3.86877977039752,3.92054542910572,4.05849495858668,3.90340371780009,4.14294228593014,4.10252736770691,3.26053759384889,3.98485921763905,3.74899447533941,3.68156261702355,3.89213426798958,3.3919648284779,2.78480864346073,2.50134177446394,2.53958781949071,2.31599854949324,2.29839166763323,2.61117799502185,2.41418053601135,2.31169698742791
Turkmenistan,,,,,,,1.75229357798165,2.30874233128834,2.04175858198847,3.96224614719862,3.11396927474098,2.90187475069805,,,,,,,,,,,,
Turks and Caicos Islands,,,,,,,,,,,,,,,,,,,,,,,,
Tuvalu,,,,,,,,,,,,,,,,,,,,,,,,
Uganda,3.86648193813733,3.48632177409082,3.33636925975488,2.9508212846018,2.15990423896087,1.93520679210678,2.31803957484427,2.29158841730608,2.31946971042074,2.27633329438944,2.53624384927843,2.83941400369613,2.47748970528677,2.32120739540285,2.36147837385909,2.40286146502078,2.3108628635302,2.40489053620862,2.19666711123092,2.25614692661325,2.53896759016207,2.12618045148639,1.75026497464837,1.63355182302335
Ukraine,,,,,,0.465357824719083,2.50047966676526,2.82850558199289,3.28757706473186,4.12467188733182,3.35500461230672,2.98216826441918,3.63614982066208,2.86399921641608,2.77489925158319,2.8483900891735,2.59712036347515,2.79260259326042,2.77164694488499,2.87000281658483,2.67294337043381,2.85510951502444,2.71991900747204,2.46817560382804
United Arab Emirates,,,,,,,,,,5.13029597329814,6.26560734615744,5.9037294519002,6.32602517361338,6.34191854764741,5.64716092239028,5.39677047794649,5.14860421636258,4.16483244788306,3.74544554018468,3.8439712422051,4.26320218427059,5.834881975816,5.39623497640685,
United Kingdom,4.03021880420472,3.8977752563424,3.84580988737171,3.98504002244999,3.73472865226337,3.47403530440418,3.25244196500079,2.9596353847035,2.82797297262724,2.62550104636915,2.53209911369138,2.42552518056867,2.3867079388947,2.40244708185489,2.46073902143266,2.52325482407602,2.45165797549839,2.41833640013649,2.35142785961432,2.34585956995183,2.48941675326215,2.66720904771949,2.56808955725562,2.59461323905451
United States,5.79017760129596,5.59010607202603,5.32395492801002,4.72612001955924,4.87305567089335,4.52136596332923,4.11907111092045,3.79995639376431,3.50165782921134,3.34674498879671,3.13783319986272,3.02084722072895,3.04781387642947,3.05595129911373,3.36839719740893,3.74435717313086,3.93866653104816,4.00621602476859,3.9630478050246,3.98917761320174,4.36827410632028,4.82273002683286,4.83336448145303,4.71327017357891
Uruguay,3.16510398147667,3.52912606820446,3.5310971495862,2.39713885997383,2.84951634850961,2.79239835763002,2.57770627164105,2.71463970997331,2.8059417188601,2.39971783190833,2.25813451928315,2.39445965248505,2.46349599073539,2.50581049091542,2.53117504849147,2.29993918109981,2.10487637041116,2.08155670341396,2.06282406376667,1.83922839671924,1.95268132677077,2.13321627636907,1.99942806185522,1.93058285166947
USSR,,,,,,,,,,,,,,,,,,,,,,,,
Uzbekistan,,,,,,,1.54136404552573,1.12290046511198,1.234188966136,1.4024958283427,,1.63952909342027,1.15187308385912,0.834472052678211,0.59728937999349,0.538399024786672,,,,,,,,
Wallis et Futuna,,,,,,,,,,,,,,,,,,,,,,,,
Vanuatu,,,,,,,,,,,,,,,,,,,,,,,,
Venezuela,,,,1.9017844073312,1.69835479374855,2.21688451273099,1.64386295816325,1.60078831935332,1.07419328741164,1.79528714950386,1.58958775631128,1.43736751111306,1.52657012884905,1.55488305458091,1.15355905516688,1.18306312819637,1.28830181236512,1.41143903263284,1.63380840027311,1.2893467737979,1.37043789860736,1.2203388985043,0.853924397949469,0.753524677610168
West Bank and Gaza,,,,,,,,,,,,,,,,,,,,,,,,
West Germany,,,,,,,,,,,,,,,,,,,,,,,,
Western Sahara,,,,,,,,,,,,,,,,,,,,,,,,
Vietnam,5.13618675610265,7.28651280963877,7.91085725497747,5.59531722997302,3.37458840383692,2.25869462823527,2.64935521781604,,,,,,,,,2.12864113495148,2.01437983970519,1.93967905568445,2.1120515341806,2.51242660977604,2.34660661882053,2.47113163972286,2.51091162968206,2.17356316035295
Virgin Islands (U.S.),,,,,,,,,,,,,,,,,,,,,,,,
North Yemen (former),,,,,,,,,,,,,,,,,,,,,,,,
South Yemen (former),,,,,,,,,,,,,,,,,,,,,,,,
Yemen,,,6.55591451628165,6.98339881452547,7.27889768744321,7.04821515442869,8.40975412612848,6.34826300718569,5.28539088297039,5.80190727805726,6.07609788803218,5.16868833817845,4.91539236509943,5.4810146916463,6.92223191926335,6.84992372517366,5.30526742838864,4.86208357111312,4.30846683494059,4.85072348722524,4.4457375077187,,,
Yugoslavia,,,,,,,,,,,,,,,,,,,,,,,,
Zambia,2.32618498689693,4.16808612591489,3.70566443127361,2.56556146602537,2.94962460261399,1.55857607812764,1.87938046062044,1.59062922930289,1.15690345857317,1.10890631827464,,1.7919948485963,,,,,1.88511232164923,1.95371566603869,1.93720044414616,1.29018853217507,2.04232576296362,1.65285219982943,1.70701620793517,1.59179038927095
Zimbabwe,4.95503147380905,4.55111490043303,4.63821049264977,3.51105732145213,3.77234602934477,3.28620049698166,,,3.15241001817631,3.28751908891262,,3.84076385510442,5.17661756553488,4.22987775818339,10.674228644453,3.40076803855477,4.41275685969803,2.28320882231406,2.96992970258407,2.60773433907859,,,1.31487498341148,1.54545454545455
Åland,,,,,,,,,,,,,,,,,,,,,,,,
South Sudan,,,,,,,,,,,,,,,,,,,,,,,,
Christian,,,,,,,,,,,,,,,,,,,,,,,,
Coastline,,,,,,,,,,,,,,,,,,,,,,,,
Curaçao,,,,,,,,,,,,,,,,,,,,,,,,
Sint Maarten (Dutch part),,,,,,,,,,,,,,,,,,,,,,,,
St. Martin (French part),,,,,,,,,,,,,,,,,,,,,,,,
Antarctica,,,,,,,,,,,,,,,,,,,,,,,,
"Virgin Islands, British",,,,,,,,,,,,,,,,,,,,,,,,
Hawaiian Trade Zone,,,,,,,,,,,,,,,,,,,,,,,,
U.S. Pacific Islands,,,,,,,,,,,,,,,,,,,,,,,,
Wake Island,,,,,,,,,,,,,,,,,,,,,,,,