Total long-term unemployment (%),1980,1981,1982,1983,1984,1985,1986,1987,1988,1989,1990,1991,1992,1993,1994,1995,1996,1997,1998,1999,2000,2001,2002,2003,2004,2005,2006,2007
Armenia,,,,,,,,,,,,,,,,,,,,,,30.5,,,,,,
Aruba,,,,,,,,,,,,,,,0.89999997615814,,,2.40000009536743,,,,,,,,,,
Australia,1.20000004768372,1.10000002384186,1.29999995231628,2.5,2.79999995231628,2.5,2.20000004768372,2.29999995231628,2,1.5,1.5,2.29999995231628,3.59999990463257,4,3.5,2.70000004768372,2.40000009536743,2.59999990463257,2.29999995231628,2,1.60000002384186,1.5,1.39999997615814,1.29999995231628,1.10000002384186,0.89999997615814,0.89999997615814,0.69999998807907
Austria,,,,,,,,,,,,,,,1,1.29999995231628,1.29999995231628,1.39999997615814,1.60000002384186,1.39999997615814,1.20000004768372,0.89999997615814,0.89999997615814,1.10000002384186,1.39999997615814,1.29999995231628,1.29999995231628,1.20000004768372
Bahamas,,,,,,,,,,,,3.79999995231628,5.5,5,5.80000019073486,4.09999990463257,4.30000019073486,3.59999990463257,2.90000009536743,2.40000009536743,,,,,,,,
Barbados,,,,,,,,,,,,,13.3999996185303,15,13,14.1000003814697,8.69999980926514,8.5,6.80000019073486,5.09999990463257,4.69999980926514,4.59999990463257,,,,,,
Belgium,,,,7.5,8,7.69999980926514,7.80000019073486,8.19999980926514,7.69999980926514,6.19999980926514,4.90000009536743,4.30000019073486,4,4.30000019073486,5.59999990463257,5.80000019073486,5.80000019073486,5.40000009536743,5.69999980926514,5.19999980926514,3.70000004768372,3.20000004768372,3.40000009536743,3.5,3.70000004768372,4.19999980926514,4.59999990463257,3.79999995231628
Belize,,,,,,,,,,,,,,3.79999995231628,4.5,5.59999990463257,6.19999980926514,6.5,7.40000009536743,6.90000009536743,,,,,,,,
Botswana,,,,,,,,,,,,,,,,8.10000038146973,,,,,,,,,,,,
Bulgaria,,,,,,,,,,,,,,8.80000019073486,9,7.80000019073486,6.40000009536743,8.39999961853027,8,8.30000019073486,,,,,,,,
Canada,0.40000000596046,0.40000000596046,0.80000001192093,1.39999997615814,1.29999995231628,1.29999995231628,1,0.89999997615814,0.69999998807907,0.60000002384186,0.60000002384186,0.89999997615814,1.5,1.79999995231628,1.79999995231628,1.5,1.60000002384186,1.39999997615814,1.10000002384186,0.89999997615814,0.69999998807907,0.69999998807907,0.69999998807907,0.69999998807907,0.69999998807907,0.60000002384186,0.5,0.40000000596046
Chile,,,,,,,2.70000004768372,2.29999995231628,1.79999995231628,1.29999995231628,1.20000004768372,1.39999997615814,3,2.79999995231628,4.19999980926514,3.40000009536743,,,,,,,,,,,,
Costa Rica,0.40000000596046,0.89999997615814,1.39999997615814,1.39999997615814,0.89999997615814,0.89999997615814,1.20000004768372,0.69999998807907,0.80000001192093,0.30000001192093,0.5,0.40000000596046,0.5,0.40000000596046,0.30000001192093,0.40000000596046,0.69999998807907,0.80000001192093,0.60000002384186,0.69999998807907,0.69999998807907,0.69999998807907,,,,,,
Croatia,,,,,,,,,,,,,,,,,,,,,9.10000038146973,8.89999961853027,8.60000038146973,,,,,
Czech Rep.,,,,,,,,,,,,,,0.69999998807907,0.89999997615814,1.10000002384186,1.10000002384186,1.29999995231628,1.89999997615814,3.09999990463257,4.09999990463257,4.19999980926514,3.70000004768372,3.90000009536743,4.30000019073486,4.19999980926514,3.90000009536743,2.79999995231628
Denmark,,,,4.19999980926514,2.90000009536743,2.70000004768372,1.70000004768372,1.5,1.5,1.70000004768372,2.5,2.90000009536743,2.40000009536743,2.70000004768372,2.59999990463257,2,1.79999995231628,1.5,1.29999995231628,1,0.89999997615814,0.89999997615814,0.80000001192093,1.10000002384186,1.20000004768372,1.20000004768372,0.80000001192093,0.69999998807907
Dominica,,,,,,,,,,,,,,,,,,10.1999998092651,,,,,,,,,,
Dominican Rep.,,,,,,,,,,,,,,,,,0.40000000596046,0.20000000298023,,,0.20000000298023,,,,,,,
El Salvador,,,,,,,,,,,,,,,,,0.60000002384186,,,,,,,,,,,
Estonia,,,,,,,,,,,,,,,,,,4.5,4.59999990463257,,,,,,,,,
Finland,1.10000002384186,,1.10000002384186,0.89999997615814,0.89999997615814,0.89999997615814,0.69999998807907,0.89999997615814,,0,,0.89999997615814,,5.69999980926514,,5.40000009536743,4.5,4.19999980926514,3.5,2.90000009536743,2.70000004768372,2.20000004768372,2.09999990463257,2.09999990463257,2,2,1.79999995231628,1.5
France,2.09999990463257,2.5,2.40000009536743,2.79999995231628,3.29999995231628,4,4,4.30000019073486,4,3.59999990463257,3.20000004768372,3.09999990463257,3.29999995231628,3.5,4.40000009536743,4.59999990463257,4.5,4.80000019073486,4.90000009536743,4.5,4,3.09999990463257,2.79999995231628,3.40000009536743,3.5,3.5,3.59999990463257,3.09999990463257
Germany,,,,,,,,,,,,1.70000004768372,2.09999990463257,3,3.79999995231628,3.90000009536743,4.09999990463257,4.80000019073486,5,4.5,4,3.79999995231628,4,4.90000009536743,5.40000009536743,6,5.69999980926514,4.80000019073486
West Germany,,,,2.59999990463257,2.90000009536743,3.29999995231628,3.09999990463257,3.20000004768372,2.90000009536743,2.79999995231628,2.29999995231628,,,,,,,,,,,,,,,,,
Greece,,,,2.59999990463257,3,3.40000009536743,3.09999990463257,3.29999995231628,3.5,3.79999995231628,3.5,3.59999990463257,3.90000009536743,4.80000019073486,4.5,4.59999990463257,5.40000009536743,5.30000019073486,5.90000009536743,6.5,6.19999980926514,5.40000009536743,5.19999980926514,5.30000019073486,5.59999990463257,5.19999980926514,4.90000009536743,4.09999990463257
Hungary,,,,,,,,,,,,,2,4.09999990463257,4.5,5,5.19999980926514,4.19999980926514,3.59999990463257,3.40000009536743,3.09999990463257,2.70000004768372,2.59999990463257,2.5,2.70000004768372,3.29999995231628,3.40000009536743,3.5
Iceland,,,,,,,,,,,,0.20000000298023,0.20000000298023,0.5,0.69999998807907,0.69999998807907,0.69999998807907,0.60000002384186,0.40000000596046,0.20000000298023,0.20000000298023,0.30000001192093,0.30000001192093,0.20000000298023,0.30000001192093,0.30000001192093,0.20000000298023,0.10000000149012
Ireland,,,,5.30000019073486,7.40000009536743,11.1000003814697,11.3999996185303,11.5,11.1000003814697,10.5,9.19999980926514,9.60000038146973,8.60000038146973,8.80000019073486,9,7.09999990463257,6.80000019073486,5.59999990463257,,2.79999995231628,,1.20000004768372,1.20000004768372,1.60000002384186,1.5,1.39999997615814,1.5,1.39999997615814
Italy,,,,4.80000019073486,5.90000009536743,6.09999990463257,7,6.90000009536743,7.40000009536743,7.5,6.59999990463257,6.80000019073486,5.19999980926514,5.80000019073486,6.80000019073486,7.30000019073486,7.90000009536743,8,7.09999990463257,7,6.5,6,5.40000009536743,5.09999990463257,3.79999995231628,3.79999995231628,3.40000009536743,2.79999995231628
Jamaica,,,,,,,,,,,,,4,4.90000009536743,4.59999990463257,4.09999990463257,4.09999990463257,4,3.90000009536743,4.19999980926514,4.5,4.80000019073486,,,,,,
Japan,0.30000001192093,0.30000001192093,0.30000001192093,0.30000001192093,0.40000000596046,0.40000000596046,0.5,0.60000002384186,0.60000002384186,0.40000000596046,0.40000000596046,0.40000000596046,0.30000001192093,0.40000000596046,0.5,0.5,0.60000002384186,0.69999998807907,0.80000001192093,1,1.20000004768372,1.20000004768372,1.60000002384186,1.70000004768372,1.60000002384186,1.5,1.29999995231628,1.20000004768372
"Korea, Rep.",,,,,,,,,,,0.10000000149012,0.10000000149012,0.10000000149012,0.10000000149012,0.10000000149012,0.10000000149012,0.10000000149012,0.10000000149012,0.10000000149012,0.20000000298023,0.10000000149012,0.10000000149012,0.10000000149012,0,0,0,0,0
Latvia,,,,,,,,,,,,,,,,9.60000038146973,10,8.80000019073486,7.5,7.19999980926514,,,,,,,,
Lithuania,,,,,,,,,,,,,,,,,,,,,8.5,9.60000038146973,,,,,,
Luxembourg,,,,1.10000002384186,0.69999998807907,1.20000004768372,0.69999998807907,0.89999997615814,0.40000000596046,0.60000002384186,0.60000002384186,0.30000001192093,0.20000000298023,0.69999998807907,1,0.69999998807907,0.89999997615814,0.89999997615814,0.89999997615814,0.80000001192093,0.5,0.5,0.69999998807907,0.89999997615814,1.10000002384186,1.20000004768372,1.39999997615814,1.29999995231628
Mexico,,,,,,,,,,,,,,,,0.10000000149012,0.10000000149012,0.10000000149012,0,0,0,0,0,0,0,0.10000000149012,0.10000000149012,0.10000000149012
Namibia,,,,,,,,,,,,,,,,,,10.8999996185303,,,,,,,,,,
Netherlands,,,,5.5,,6,,5.09999990463257,5,4.19999980926514,3.79999995231628,3.40000009536743,2.40000009536743,2.90000009536743,3.20000004768372,3.20000004768372,3,2.5,1.89999997615814,1.39999997615814,,,0.69999998807907,1.10000002384186,1.5,2,1.79999995231628,1.29999995231628
Netherlands Antilles,,,,,,,,,,,,,6.69999980926514,6.5,5,6.09999990463257,5.5,7.69999980926514,8.39999961853027,,,,,,,,,
New Zealand,,,,,,,0.20000000298023,0.30000001192093,0.60000002384186,1,1.20000004768372,2.29999995231628,3,2.90000009536743,2.40000009536743,1.39999997615814,1.10000002384186,1.20000004768372,1.29999995231628,1.29999995231628,1,0.80000001192093,0.69999998807907,0.5,0.40000000596046,0.30000001192093,0.20000000298023,0.20000000298023
Norway,,,,0.10000000149012,0.40000000596046,0.20000000298023,,0.10000000149012,0.30000001192093,0.5,0.89999997615814,1,1.20000004768372,1.5,1.39999997615814,1,0.69999998807907,0.5,0.30000001192093,0.20000000298023,0.20000000298023,0.20000000298023,0.20000000298023,0.30000001192093,0.40000000596046,0.40000000596046,0.5,0.20000000298023
Panama,,,,,,,,,,,,3.09999990463257,2.79999995231628,2.29999995231628,2.29999995231628,2.70000004768372,2.90000009536743,2.40000009536743,2.79999995231628,2,2.09999990463257,3.59999990463257,,,,,,
Poland,,,,,,,,,,,,,4.69999980926514,5.30000019073486,5.80000019073486,5.30000019073486,4.80000019073486,4.30000019073486,3.90000009536743,4.40000009536743,6.09999990463257,7.90000009536743,9.69999980926514,9.80000019073486,9.10000038146973,9.30000019073486,7,4.40000009536743
Portugal,,,,,,,4.69999980926514,4,2.90000009536743,2.40000009536743,2.09999990463257,1.60000002384186,1.20000004768372,1.79999995231628,2.79999995231628,3.40000009536743,3.59999990463257,3.40000009536743,2,1.79999995231628,1.60000002384186,1.5,1.60000002384186,2,2.70000004768372,3.5,3.79999995231628,3.70000004768372
Romania,,,,,,,,,,,,,,,3.09999990463257,3.20000004768372,2.90000009536743,3.20000004768372,3.09999990463257,3.5,,,,,,,,
Russia,,,,,,,,,,,,,0.5,0.69999998807907,1.5,2.20000004768372,2.5,1.29999995231628,1.60000002384186,,,,,,,,,
Slovak Republic,,,,,,,,,,,,,,,5.69999980926514,7,5.80000019073486,6,6.40000009536743,7.69999980926514,10.1000003814697,10.3999996185303,11.1999998092651,10.6999998092651,11,11,9.69999980926514,7.80000019073486
Slovenia,,,,,,,,,,,,,,3.90000009536743,3.90000009536743,,,,,,,,,,,,,
Spain,3.59999990463257,5.40000009536743,7.40000009536743,8.89999961853027,10.5,11.8000001907349,11.8000001907349,12.1999998092651,11.5,9.80000019073486,8.5,8.10000038146973,8.5,11.1999998092651,13.3000001907349,12.8000001907349,12.1999998092651,11.3000001907349,9.89999961853027,7.80000019073486,6.40000009536743,4.19999980926514,4.30000019073486,4.19999980926514,3.79999995231628,2.59999990463257,2.20000004768372,2
Suriname,,,,,,,,,,,,,,8.60000038146973,6.40000009536743,3.70000004768372,5.80000019073486,6,4.40000009536743,,,,,,,,,
Sweden,0.10000000149012,0.10000000149012,0.30000001192093,0.40000000596046,0.40000000596046,0.30000001192093,0.20000000298023,0.40000000596046,0.30000001192093,0.20000000298023,0.20000000298023,0.40000000596046,0.80000001192093,1.5,2.5,2.5,3,3.40000009536743,2.79999995231628,2.09999990463257,1.5,1.10000002384186,1.10000002384186,1,1.20000004768372,,,0.69999998807907
Switzerland,,,,,,,,,,,,0.30000001192093,0.5,0.69999998807907,1.10000002384186,1.10000002384186,0.89999997615814,1.10000002384186,1.20000004768372,1.20000004768372,0.80000001192093,0.69999998807907,0.60000002384186,1.10000002384186,1.39999997615814,1.70000004768372,1.5,1.5
Trinidad and Tobago,,,,,,,,,,,,5.09999990463257,5.09999990463257,5.09999990463257,4.69999980926514,4,4.5,4.19999980926514,3.90000009536743,3.40000009536743,3.20000004768372,3,,,,,,
Turkey,,,,,,,,,4.19999980926514,3.5,3.59999990463257,3.20000004768372,3.59999990463257,4,3.79999995231628,2.70000004768372,2.79999995231628,2.70000004768372,2.70000004768372,2.09999990463257,1.29999995231628,1.70000004768372,2.90000009536743,2.5,4,4.09999990463257,3.5,3
United Kingdom,,,,,4.90000009536743,5.69999980926514,5.40000009536743,5.19999980926514,3.79999995231628,2.90000009536743,2.40000009536743,2.40000009536743,3.40000009536743,4.40000009536743,4.40000009536743,3.79999995231628,3.29999995231628,2.79999995231628,2.09999990463257,1.79999995231628,1.60000002384186,1.29999995231628,1.10000002384186,1.10000002384186,1,1,1.20000004768372,1.29999995231628
United States,0.30000001192093,0.5,0.69999998807907,1.29999995231628,0.89999997615814,0.69999998807907,0.60000002384186,0.5,0.40000000596046,0.30000001192093,0.30000001192093,0.40000000596046,0.80000001192093,0.80000001192093,0.69999998807907,0.5,0.5,0.40000000596046,0.40000000596046,0.30000001192093,0.20000000298023,0.30000001192093,0.5,0.69999998807907,0.69999998807907,0.60000002384186,0.5,0.5