Internet users (per 100 people),1990,1991,1992,1993,1994,1995,1996,1997,1998,1999,2000,2001,2002,2003,2004,2005,2006,2007,2008,2009,2010,2011
Abkhazia,,,,,,,,,,,,,,,,,,,,,,
Afghanistan,0,,,,,,,,,,,0.00418834571188,0.004092113721927,0.079875077797391,0.097163516373096,1.13039782903915,1.94742346901265,1.75120216145975,1.6884854480286,3.24630557346332,3.6541143964002,4.58066992077818
Akrotiri and Dhekelia,,,,,,,,,,,,,,,,,,,,,,
Albania,0,,,,,0.011168695486794,0.032196828226058,0.04859391876263,0.065027370020041,0.081437044604047,0.114097346552109,0.325798377067964,0.39008127343332,0.971900415195857,2.42038779776014,6.04389086404814,9.60999131577118,15.0361154084109,23.86,41.2,45,49
Algeria,0,,,,0.000360673567987,0.001768954015014,0.001738533225943,0.010268463150268,0.020238554540847,0.199523842999477,0.491705679141589,0.646114016703792,1.59164126035832,2.19535973086144,4.63447508776537,5.84394209201256,7.37598495634886,9.45119062555304,10.18,11.23,12.5,14
American Samoa,0,,,,,,,,,,,,,,,,,,,,,
Andorra,0,,,,,,1.52660102282269,3.05017538508464,6.88620921833874,7.63568614275679,10.53883560922,,11.2604687170103,13.546412876439,26.8379543894637,37.6057662174867,48.9368469989479,70.87,70.04,78.53,81,81
Angola,0,,,,,,0.000775928524568,0.005673745988662,0.018453724075932,0.071964087042003,0.105045562462262,0.136013867429868,0.270376745595134,0.370682065225727,0.464814617985909,1.1433668265595,1.90764750723428,3.2,4.6,6,10,14.776
Anguilla,,,,,,,,,,,,,,,,,,,,,,
Antigua and Barbuda,0,,,,,2.20076880190146,2.85844957694946,3.48053683800189,4.0717164999525,5.30068113752617,6.48222573702907,8.89928551450583,12.5,17.2286487816884,24.2665437161785,34.7164029018124,62.6388691911313,70.06,75.03,74.2,80,82
Argentina,0,,0.00299287414623,0.029527065290512,0.043705951139252,0.086277080973715,0.14195470435477,0.280339881830012,0.830766679676473,3.28448195590463,7.0386830862178,9.78080728532407,10.8821243775325,11.9136965509954,16.0366841054923,17.7205833696065,20.9272021035896,25.9466329403819,28.1126234799907,34,40,47.704
Armenia,0,,,,0.009117014141401,0.052743123305045,0.094572902467596,0.111650934518322,0.128659477603923,0.970737757459877,1.30047002237784,1.63109466677715,1.9604050458212,4.57521722477781,4.8990085713054,5.25298335195804,5.63178777731609,6.02125339712607,6.21,15.3,,
Aruba,0,,,,,,2.76838266270266,,,4.50617909808825,15.4428229480349,17.1,18.8,20.8,23,25.4,28,30.9,34.2,37.7,42,57.06835805
Australia,0.586159396626679,1.09952938722111,1.77224976865976,1.9813632756139,2.24045435106477,2.76674239092684,3.2767947521132,16.3765657726038,30.8525616849025,40.8309634522624,46.7838255614628,52.6056388785091,,,,63.0269362778748,66.1479410954734,69.6065092703761,71.7210626039026,74.0829081574548,75.8929310576776,78.9480751173709
Austria,0.130244795092376,0.25790175516329,0.637697350734784,0.758952508926231,1.38606810029791,1.88720122773763,6.91041848299194,9.53817651947742,15.4199201702108,23.0223174762498,33.7012763796741,39.1668716337319,36.564985069829,42.7673616433967,54.370247849783,58.0307840622356,63.63512804583,69.4451715560017,72.9126542828856,73.4883174253088,75.2047009960105,79.7471949400166
Azerbaijan,0,,,,0.001445119916709,0.002076899840449,0.006421961315318,0.02543036361266,0.037781882338951,0.099932030970357,0.148898040284241,0.308588338186875,5.06597436141432,,,8.21798251660315,12.299126926217,14.9461636908161,17.4312125430769,27.7655306332912,46.6779899389596,50.7527432373473
Bahamas,0,,,,,0.960030720983071,1.74695069755741,1.36295390281695,2.33559071038067,3.76455782177031,8,11.8,18,20,22,25,26,27,31.54,33.88,43,65
Bahrain,0,,,,,0.346205843608434,0.843254219222486,1.64629920170952,3.21820215136814,4.72035811783587,6.15373254647607,15.0386342513918,18.0507208881153,21.5549449917804,21.4586805077435,21.3037335136591,28.2439524318043,32.91,51.95,53,55,77
Bangladesh,0,,,,,,,0.00075104582944,0.003684812624699,0.036170407470491,0.071039423050768,0.129807973947512,0.13992028850905,0.163877665498048,0.199036333744363,0.24163732563671,1,1.8,2.5,3.1,3.7,5
Barbados,0,,,,,0.007752238458855,0.389464214080689,0.783428911660556,1.97024923652842,2.37624703464172,3.97367835457927,11.9364503383984,27.836322424146,39.6896271159532,49.8,56.0708546066945,63,64.7,66.5,68.7,70.2,71.7657
Belarus,0,,,,0.000489092989972,0.002944245856183,0.029541544953402,0.049444291600517,0.074517489531608,0.498457508221815,1.87021797873181,4.31767569334624,8.98558744887689,,,,16.2737767891087,19.753256194599,23.1884888564882,27.8022424403071,32.1532547734457,39.9613494774623
Belgium,0.001004885195122,0.020016143680313,0.099635799815184,0.198409893674407,0.69199896200957,0.986092864784365,2.95133032233238,4.90517102448324,7.82914849008087,13.6671049583486,29.2147391047564,31.0593391815419,45.9768569896693,49.6183218507319,53.5284818710281,55.4768960808473,59.3068897278506,63.9127366215873,65.335647624882,69.121117385062,73.7353894189358,76.2006148255814
Belize,0,,,,,0.046196296105947,0.900316339292283,1.30228609440415,2.09113930440129,4.09973197250313,5.9808339045479,,5.62995932699631,,5.63483569804286,8.86772772975756,9.9063847828711,10.2193471589085,10.507204191245,10.751256122449,12.6567391935016,
Benin,0,,,,,,0.001693100193437,0.024648795742003,0.047877303875811,0.15490674072035,0.225247851473369,0.363417890016082,0.7029455951039,0.951327114915695,1.18254096518994,1.27103143947107,1.53785434624704,1.79,1.85,2.24,3.13,3.5
Bermuda,0,,,,,6.80546884194538,16.1765106086039,24.2244269080511,32.2461550570152,40.3051841145707,43.4575121449202,47.9749148784543,52.518772198918,57.1096616753842,61.5737970961559,65.9924580047995,70.4781350664877,74.9337815021918,82.8858426791277,83.7696661490683,85.1328924140293,88.8507244513137
Bhutan,0,,,,,,,,,0.137571514258829,0.40094444691941,0.864628564215099,1.67580258375242,2.43691239949767,3.15698419613711,3.84710674490143,4.5183172581646,5.92,6.55,7.17,13.6,21
Bolivia,0,,,,,0.066807568282011,0.196081173945832,0.44783903590236,0.626484062433397,0.981815187281861,1.4427635847914,2.1204625341365,3.11719294696997,3.50859640072336,4.43992460120042,5.22758395663196,6.20067125473576,10.4992443168903,12.5,16.8,22.4,30
Bosnia and Herzegovina,0,,,,,,0.015125563351607,0.059425562797221,0.143671059936118,0.194374199768361,1.08296074971207,1.20052695129649,2.64826791361244,3.96503683387051,15.4689716227665,21.3267010007738,25.1223856852117,27.92,34.66,37.74,52,60
Botswana,0,0,,,,0.064521040956666,0.157454229629989,0.307746849903244,0.602400929143193,1.12239147360549,2.90266662177209,3.43088678702599,3.38592235064273,3.3451901740614,3.30488925316113,3.26255403605122,4.28993297515968,5.28,6.25,6.15,6,7
Brazil,0,0.003288170703304,0.012946262356447,0.025498253238975,0.037672709358783,0.105138167818006,0.450789178949525,0.786079155026595,1.47787495863132,2.03873218351945,2.87068515854108,4.52849486902851,9.14942508560748,13.2075861035303,19.073672274442,21.022747248827,28.1783801797929,30.88,33.83,39.22,40.65,45
British Virgin Islands,,,,,,,,,,,,,,,,,,,,,,
Brunei,0,,,,,1.0170801662587,3.30334992716113,4.83105790506005,6.28474284403468,7.67104120576494,8.99628453448726,12.9177690823013,15.329879855735,19.5950032207342,29.7156041447864,36.4663919475782,42.1863491609307,44.68,46,49,53,56
Bulgaria,0,,,0.002360626855081,0.01954142321752,0.118961697545357,0.717462120910742,1.2030745915706,1.81669845909667,2.85729778327125,5.2631036285917,7.5434658243047,9.10792383981228,12.0654848785533,18.1486841616566,19.967974592695,27.0565730183842,33.5544437295979,39.503101143257,44.7481170727308,45.9848259550437,50.7962660513644
Burkina Faso,0,,,,,,0.000960518557074,0.018686353113399,0.04542348405027,0.061780292686784,0.077080168942601,0.157732464653607,0.200992597925001,0.373440303233526,0.400295285492178,0.469914488656657,0.632707564461829,0.75,0.92,1.13,2.4,3
Burundi,0,0,0,0,0,0,0.000803592121069,0.00797943858266,0.015842776288117,0.039204469184033,0.077248447383456,0.106001245363203,0.118228412267794,0.201273196735924,0.349060461879596,0.542142865759056,0.657592590351907,0.7,0.81,0.9,1,1.11
Cambodia,0,,,,,,,0.005844910640084,0.016324986068665,0.031969577749813,0.047022640068885,0.07695605555273,0.226983237666204,0.260570197574002,0.300436644360101,0.317321781089656,0.468356720063827,0.49,0.51,0.53,1.26,3.1
Cameroon,0,,,,,,,0.006768744294372,0.013216340524829,0.129067580946992,0.252120077733662,0.277051321848797,0.360871584267755,0.587622611130454,0.976075415490902,1.40265422575955,2.0287447914719,2.93,3.4,3.84,4.3,5
Canada,0.359828721528552,0.567957183734134,0.911695416646514,1.17926228983583,2.37028812685731,4.15616270354977,6.73980803771122,15.0035186617439,24.7871625997201,36.0495484852611,51.1293845731353,59.9779166395877,61.4356473674186,64.0633186134613,65.8500154498253,71.5966011258975,72.5153561230245,73.3058129806276,76.7203863621998,80.1708665095944,80.0421359161167,82.6793444635074
Cape Verde,0,,,,,,,0.240967919940818,0.472735008391046,1.15998246106519,1.82244385164396,2.68533271272311,3.5187571749658,4.32488539053715,5.31883206957883,6.07408710659813,6.80891100753313,8.28321981953034,20,25,30,32
Cayman Islands,0,,,0,0,3.94896719319563,,,,,,,,,,38.0343830823064,44.5,52,61,64.5,66,69.46594499
Central African Republic,0,,,,,,0.005849502821508,0.01427088072455,0.02787820125385,0.040894287177133,0.053394174215046,0.078543427839404,0.128537116506299,0.151563337940017,0.223401395464406,0.268195609199012,0.311159173235716,0.375815961044797,1,1.8,2,2.2
Chad,0,,,,,,,0.000658168309696,0.004268504476578,0.012321727703372,0.03570707628555,0.045934134355735,0.166069664674347,0.320308555366775,0.360920107034467,0.399257700084004,0.581045764229641,0.847224520710968,1.19,1.5,1.7,1.9
Channel Islands,,,,,,,,,,,,,,,,,,,,,,
Chile,0,,0.03654893815101,0.071783144269692,0.141084506727297,0.346980781428478,0.683475610172851,1.05709249598086,1.66232202183041,4.103419297232,16.6,19.1,22.1,25.4737788864723,28.1779101232438,31.1753470303684,34.4977511736017,35.9,37.3,38.8,45,53.8938
China,0,,,0.00017014708779,0.001177609293376,0.00499226130487,0.013173925194888,0.032599617181291,0.169501807882406,0.711999280925232,1.78501572031443,2.65221416328914,4.61556660668374,6.22404474914623,7.32521696522192,8.5485804941231,10.5517388932673,16.0436691820606,22.6617699268111,28.9765993916087,34.3899954879001,38.3978870415808
Christmas Island,,,,,,,,,,,,,,,,,,,,,,
Cocos Island,,,,,,,,,,,,,,,,,,,,,,
Colombia,0,,,,0.107173945315899,0.188046790408001,0.330017772736723,0.550521023153909,1.12622524463277,1.69773079358943,2.207532992624,2.85419997133433,4.6,7.38892371052557,9.1186903029666,11.0072638904585,15.3416745365682,21.8,25.6,30,36.5,40.4
Comoros,0,,,,,,,0,0.037870969818731,0.148162964444593,0.271740607285909,0.443068372538977,0.554869674985088,0.848189370151537,1.32732717785355,2,2.2,2.5,3,3.5,5.1,5.5
"Congo, Dem. Rep.",0,,,,,,0.000108206731818,0.000211213230126,0.000413065168672,0.001009076135299,0.00590211368069,0.011475781921049,0.092790702460692,0.134914837437335,0.196208375178039,0.238037798692792,0.29605361030881,0.37,0.44,0.56,0.72,1.2
"Congo, Rep.",0,,,,,,0.003526860392406,0.003469103642594,0.003415143085957,0.016791049161841,0.026354732058028,0.032223616430693,0.157249517243982,0.460014186837522,1.07750492958505,1.46342005950851,2.00799007938159,2.75970437370903,4.28750990276481,4.5,5,5.6
Cook Is,,,,,,,,,,,,,,,,,,,,,,
Costa Rica,0,,0.001113325391612,0.0815097538496,0.279912478734018,0.416829206101345,0.841057040488486,1.64022128772133,2.66637869776731,3.90432325714263,5.80025302331829,9.55948213497093,19.8948511346293,20.3336148143541,20.7923067055542,22.07,25.1,28.4,32.29,34.33,36.5,42.12
Cote d'Ivoire,0,,,,,0.000200255606256,0.00840977984943,0.018828361286128,0.060974438600722,0.118685916651984,0.231461670612799,0.395747702246439,0.497929360753307,0.758669629452205,0.849282414747704,1.03923820514001,1.52490079122527,1.8,1.9,2,2.1,2.2
Croatia,0,,,0.096982255792816,0.268815992537866,0.514028699935746,0.89008196404498,1.74980700206325,3.33266475201236,4.39185670334145,6.76428775010446,11.666921788327,17.864052,22.8349896959459,30.9832676323496,33.1398955515534,37.9268878783784,41.3465357980162,50.4218272891295,56.0395839421991,60.1197070167497,70.5264460176991
Cuba,0,,,,,0.000091658011859,0.031949001360936,0.068220213758489,0.226699198908507,0.314690541189058,0.541182548811058,1.07975172188907,3.77058503769014,5.2412690536929,8.40798475900703,9.73806220781346,11.1596013147617,11.69,12.94,14.33,15.9,23.23
Cyprus,0,,0.050060430090609,0.056367482163215,0.111034620594701,0.410120684846861,0.673343541221418,4.37827209501646,8.8905391589027,11.3423986595347,15.2553943710137,18.8187590408455,28.32,30.09,33.83,32.81,35.83,40.77,42.31,49.81,52.99,57.68
Czech Republic,0,,,0.580760599476914,1.25787424473884,1.45246165169137,1.93939532958047,2.91339338703629,3.88997726641176,6.8171715379587,9.75250496452887,14.6816802374108,23.940897041829,34.2729998309064,35.4501311959574,35.2176592123275,47.881748575878,51.8263074357277,62.6862273270931,64.138524782358,68.6444662784207,72.8889967959416
Czechoslovakia,,,,,,,,,,,,,,,,,,,,,,
Denmark,0.097279065242737,0.194084375287946,0.386964079480807,0.57863560203251,1.34582888743876,3.82564984137035,5.70645185660979,11.3660270293889,22.6492152464977,30.5845044464666,39.1715871937985,42.9356562983023,64.1851755072749,76.1738877195638,80.8664632197883,82.7401832073915,86.7356098057997,85.1497579758298,85.0771224006898,86.8679713385339,88.7593249722452,89.9772981700753
Djibouti,0,,,,,0.016030830493204,0.031166240728043,0.08294149759168,0.094696003974318,0.10576190879093,0.194500528399956,0.343526262964202,0.48697170451894,0.625940229399888,0.781317175068661,0.953611449300569,1.27004115919322,1.62,2.26,4,6.5,7
Dominica,0,,,,,0.548762736535662,1.16551814566063,,2.92534519073251,2.93216437713498,8.81484419762881,13.2452280386761,18.4248927671241,23.6204198529629,30.3196130921568,38.5436432637571,39.39817430347,40.2744630071599,41.16,42.02,47.45,51.3135
Dominican Republic,0,,,,,0.017233600843954,0.074987052638734,0.142687565480216,0.233914189047576,1.10474387376368,3.70469235587688,4.42939069666645,6.8237257325842,7.89839293716387,8.8655534607044,11.4831977789344,14.8449283654589,17.66,20.82,27.72,31.4,35.5
East Germany,,,,,,,,,,,,,,,,,,,,,,
Ecuador,0,,0.005118035389074,0.016400751263746,0.034833586115011,0.043833641162384,0.086161275641811,0.110217959406047,0.125272771019497,0.823371634386107,1.46218853556457,2.67044367376705,4.26079691519764,4.46022834472698,4.83444263759525,5.99425516097331,7.2,10.8,18.8,24.6,29.03,31.4
Egypt,0,,,0.000975791364357,0.006383269603568,0.031319638236881,0.061466898937784,0.090480244709251,0.147987376854339,0.290445278316066,0.641265037504813,0.838945611477604,2.71999971465421,4.03788510706701,5.1506662320737,11.6983982081957,12.5527999697616,16.05,18.01,24.28,30.2,35.62
El Salvador,0,,,,,,0.086389580725448,0.256960679362923,0.425253672320613,0.845428741432214,1.17739726914477,1.5,1.9,2.5,3.2,4.2,5.5,6.11,10.08,12.11,15.9,17.68859598
Equatorial Guinea,0,,,,,,,0.041462292118433,0.094423773897251,0.097415944652157,0.132354665123789,0.16526042288306,0.321197997152044,0.520524272046806,0.843930284607049,1.14978967061811,1.27919359635686,1.55712305943539,1.82,2.13,6,
Eritrea,0,,,0,0,0,0,0.009017718012351,0.00877423626854,0.025495028469448,0.136711941104496,0.157815289303043,0.227090137626716,0.725623231746887,1.1610256686521,1.78846005094428,2.15938321105466,2.5098464413201,4.06,4.93,5.4,6.2
Eritrea and Ethiopia,,,,,,,,,,,,,,,,,,,,,,
Estonia,0,,0.065252816082454,0.301362566453186,1.16332092894888,2.78685294318828,3.5354031226637,5.72117080045705,10.8291981388493,14.5463082732054,28.6027030436889,31.4979522683761,41.4588802364711,45.2663615939336,53.1668409311564,61.4390438801958,63.5332097648984,66.249250092422,70.6573883305052,72.5734590243316,74.1541307350385,76.5306570895522
Ethiopia,0,,,,,0.000017549122539,0.001703448288667,0.004966720489361,0.009663517449808,0.012541598915904,0.015263767208257,0.037162381068674,0.07240226186983,0.105811658802603,0.155334520794722,0.219659818999505,0.310592656856176,0.37,0.45,0.54,0.75,1.1
Faeroe Islands,0,,,,,0,2.31878681074062,4.60129756591359,11.3378684807256,22.297538351766,32.916392363397,43.2469835228993,53.2992218313613,58.9126409695337,66.5335994677312,67.9026317413939,69.359445124439,75.98,75.57,75.18,75.2,80.7321728
Falkland Is (Malvinas),,,,,,,,,,,,,,,,,,,,,,
Fiji,0,,,0.006678447447965,0.007907399085114,0.009115342945245,0.0644371415684,0.223454841691821,0.633167865464492,0.942462062760434,1.4968547339902,1.8579785936093,6.15264970011985,6.72543473821551,7.4129434854202,8.45363663371359,9.6000384001536,10.8978310454645,13,17,20,28
Finland,0.401088473900471,1.3961627856892,1.88417556257928,2.56589970507484,4.91320045287917,13.9003365447678,16.7820530186297,19.4564945694357,25.4403061282707,32.2733412113396,37.228032039843,43.0818664787519,62.390469547925,69.1878797755003,72.3608538758862,74.4550980691166,79.6549780147915,80.8061338433496,83.7162173930473,82.5313309761558,86.909343623167,89.3330044366066
France,0.051358396392016,0.136292981654863,0.271338367999449,0.574086885860652,0.874351842181076,1.59089148890573,2.50879972179766,4.12944120248742,6.1308104757479,8.86227876598221,13.8702769901571,25.4828460560921,29.189424980274,34.9448326280409,37.8355608024839,41.3910811705609,45.2200554376749,63.7489392370821,68.1851905463239,69.0633593000717,77.2835793829171,76.769916674705
French Guiana,,,,,,,,,,,,,,,,,,,,,,
French Polynesia,0,,,,,,0.090971944252393,0.21438525029478,1.31616469607564,3.44890023193854,6.3570635452072,6.25158894552365,8.20021648571522,14.1242937853107,17.8845374263753,21.5421854743002,25.1079642462589,28.59,33.87,44.6,49,49
Gabon,0,,,,,,0,0.047999008602295,0.170124880168288,0.249009564457371,1.21614061828589,1.34762022159633,1.93953010616212,2.65958659385985,2.97906980035019,4.89326474972412,5.48920080280135,5.76700457562583,6.21,6.7,7.23,8
Gambia,0,,,,,0.00921754134989,0.035507360231934,0.051311346991274,0.206094460510653,0.715827014834322,0.921794919066406,1.33679116648397,1.79677988296495,2.436781193062,3.30800347812937,3.79900113882231,5.23769115841218,6.20503741852418,6.88,7.63,9.2,10.8703
Georgia,0,,,,,0.012675191375963,0.0433309574553,0.066214058918283,0.111456400872887,0.44931816421042,0.520673566189036,1.05997222079966,1.68592303218765,2.70125996413691,4.06738606230239,6.24088972769569,7.60359177315746,8.31186686719533,10.0335607318019,19.9008692527433,26.2925268595041,35.2806933927775
Germany,0.125361389877607,0.249141881466432,0.433440950917541,0.462319738584651,0.923184999792165,1.84339397203351,3.06545230507895,6.73491384667885,9.91436404873372,20.9072513651469,30.2668908884065,31.6641344301682,48.7865793807973,55.8660912165646,64.7363407210894,68.7694182783287,72.2998823787638,75.3883358624348,78.3468948770088,79.4852315332216,82.5269685472419,83.4433166434182
Ghana,0,,,,,0.000347917574152,0.005648762968924,0.027537541793039,0.032240443207223,0.104895466160959,0.153615297625799,0.200008060324831,0.830284033818739,1.19305791098328,1.71679770389504,1.83119746104616,2.72317597313987,3.85,4.27,5.44,9.55,14.11
Gibraltar,,,,,,,,,,,,,,,,,,,,,,
Greece,0,0.048745229538266,0.048204811509902,0.19103973199224,0.378930407720333,0.752254490580282,1.40128507052473,1.85794014786716,3.23660753921847,6.91206984772726,9.19693169693175,11.0173513968463,14.784543712821,17.9413825391794,21.5856793290652,24.1710718648699,32.454924267567,36.0818080361391,38.3859944038912,42.5647333099348,44.5720123568469,53.4033654458599
Greenland,0,,,,0.064864864864865,0.053763440860215,1.78890876565296,7.91785714285714,14.5935828877005,21.5725775866899,31.7455516014235,35.4924578527063,44.1618089916969,54.61015530239,56.2271599688152,57.9618460244929,59.8907501100693,61.8917535142782,63.9229857264593,63.9243349963603,63.8502821360975,64.6225856478218
Grenada,0,0,0,0,0,0,0.29803298231671,0.990883868410622,1.48485448426054,2.47316614730178,4.06390799146313,5.12810398216998,14.7588405454867,18.6451821830564,19.5706205843787,20.4878048780488,21.3959911692909,22.29,23.18,24.05,33.46,
Guadeloupe,,,,,,,,,,,,,,,,,,,,,,
Guam,0,,,,0.348453910001324,0.659530908641229,1.35610688834494,2.34457164676014,4.50128418990124,8.49717632294499,16.1131270423389,25.3802275337398,31.1922942556271,33.7166817880876,36.1617878387908,38.559877557558,43.8514430048178,46.1504736192355,48.4187021509296,50.6420283820435,,
Guatemala,0,,,,,0.002998005426989,0.01953487081883,0.095476021483632,0.466590444451661,0.592652945261753,0.712332904508925,1.7382017815873,3.39174627024502,4.54885490848324,5.1,5.7,6.5,7.3,8.3,9.3,10.5,11.7274
Guernsey,,,,,,,,,,,,,,,,,,,,,,
Guinea,0,,,,0.000138318459719,0.000668589440753,0.001948941880474,0.003803108508771,0.006203368503538,0.06080891916038,0.095424923606385,0.175541868491054,0.402022748744397,0.450960370842751,0.508819332302937,0.542254180996637,0.637492122987955,0.780025279059244,0.92,0.94,1,1.3
Guinea-Bissau,0,,,,,,,0.016389063250312,0.02406042052803,0.117702448210923,0.230103170591588,0.299569144677667,1.02299323436117,1.35419747762901,1.80814220342991,1.90136531610877,2.0571967045036,2.20630223745003,2.35488871087933,2.30328059172582,2.45,2.672
Guyana,0,,,,,,0.065854114696794,0.131828032967554,0.26408811035714,3.96635473490207,6.61149156572021,13.2069864958563,,,,,,,18.2,23.9,29.9,32
Haiti,0,,,,,,0.007484253131412,,0.023999476811406,0.070658478134145,0.231270714628821,0.340832326173809,0.893432988337908,1.64735834557778,5.401261907622,6.37620163504938,6.79600048052951,7.2,7.6,8.1,8.37,
Holy See,,,,,,,,,,,,,,,,,,,,,,
Honduras,0,,,,,0.03677525238471,0.043711245609642,0.170996468238945,0.301247213672473,0.573575476141391,1.20385599891878,1.41528193123711,2.5974025974026,4.8,5.6,6.5,7.8,9.4,9.6,9.8,11.09,15.9
"Hong Kong, China",0,0.123164857864274,0.866167528394638,1.35102204958389,2.79002186030976,3.21247453399501,4.62544708481456,10.3968770510863,14.5907932099822,21.5074890623525,28.3217587548552,39.3312700818226,43.6743481686306,52.9091427975916,56.6015181762862,56.8720978541654,60.5862144638404,64.3029994657734,66.2093161930149,69.2441901280752,71.8511570785817,75.0329390095594
Hungary,0,0.003378531588082,0.048275798757696,0.193241867284552,0.483537588537279,0.677645965034474,0.969498501131173,1.94261145220262,3.8940408675394,5.8577789523117,6.99938432530411,14.5244000586106,16.6710912469504,21.640593403341,27.7489116927766,38.9695016260924,47.0268428664621,53.2299918653749,55.9090560965784,47.9022869201259,52.9131967996474,58.971100591716
Iceland,0,0.504270782324844,1.532226528459,2.6542800265428,6.7664086474819,11.2162950334246,14.8727163358915,27.6519748393978,36.4707711664444,41.4467150107475,44.4713245380702,49.223827027763,78.9163682905368,83.1982942860794,84.1470843690298,87.0026387269406,88.6932244175099,88.9003376491658,89.0654035423768,92.1368638520058,95.6257840970189,96.6183615047022
India,0,,0.000111307727307,0.000218175676735,0.001069562386753,0.026228878813705,0.046333976735515,0.070767848708918,0.13902732879964,0.27322427673499,0.527532449930946,0.660146377009928,1.53787558175083,1.68648997063625,1.97613649190559,2.38807499995774,2.80549986534254,3.95,4.38,5.12,7.5,10.07
Indonesia,0,,,,0.001059744382449,0.026109477194534,0.056623988737386,0.194910263619177,0.255306646259756,0.444415935985143,0.925563864466858,2.01861385948459,2.13413573295808,2.38701977959476,2.60028587633414,3.60202476259646,4.76481313366657,5.78627472934199,7.91747938492903,6.92,10.92,18
Iran,0,,,,0.000408331951402,0.004179752372821,0.015826080240759,0.046756094138658,0.09981522052814,0.378569094530717,0.934190019959829,1.48422133163363,4.62617511492205,6.93372195304053,7.49,8.1,8.76,9.47,10.24,11.07,16,21
Iraq,0,,,,,,,,,,,0.098453235194481,0.493260395445494,0.59269528568493,0.890325617183413,0.892206863019091,0.94256704885067,0.91945881931072,0.988165135389372,1.04751661578714,2.47196200672084,4.9549454873116
Ireland,0,0.056850538490946,0.169251101694683,0.280330582578959,0.557801641859854,1.10903652401963,2.19987440430952,4.08345821448483,8.08290664779186,10.9226237287337,17.8439278415063,23.1362806067577,25.8752060620349,34.4300607603463,37.1300803830319,41.591275112899,54.3836239775173,59.6373162439341,64.264942708278,66.673384802942,69.7804365589148,77.4843123779808
Isle of Man,,,,,,,,,,,,,,,,,,,,,,
Israel,0.106969259348815,0.201324431130374,0.291458418815346,0.377998024713368,0.551889952721202,0.894695902788066,2.09018674854024,4.24470637365147,9.95167368109361,12.9258037365587,19.9642019034579,16.5481879824306,16.876620572258,18.6046180568816,21.6409437023748,24.0106011666584,26.7009718240986,46.3858372022177,57.6309547887478,61.2257001282462,65.6831418227609,68.1655974348739
Italy,0.017579543686865,0.035123510870079,0.070174388229694,0.122689814460128,0.192716665998389,0.525554304513171,1.02469473335783,2.27665491308966,4.55409600236356,14.3676383185922,23.1288220511984,27.3281833108598,28.2075122632402,29.1709083886932,33.2905508140825,35.038318005568,38.0806226017428,40.8724067342224,44.5741339266618,48.8753930720965,53.7398745232265,56.8174727530031
Jamaica,0,,,,0.036507824880868,0.108671946839227,0.585198538773032,0.789863231276246,1.96074826996573,2.34078518031697,3.10646392112374,3.86232688706695,6.11974556835631,7.86110302014701,10.1015768924605,12.9509351041352,16.6046628365439,21.3621295313551,23.8905385531408,24.6170827274076,28.0667982237353,31.9880040969992
Japan,0.020082459173539,0.040040587444034,0.095859763047472,0.398433645601583,0.794159301383774,1.58225972046751,4.34008701537112,9.09044828474644,13.2989712048301,21.2023948315741,29.7189656739356,38.1516232410953,46.0835883400544,47.8535743428021,61.6801429995892,66.1982622348997,67.9910784511195,73.5700511251597,74.7154581483875,77.3846896326139,77.6487929572698,78.7086520136867
Jersey,,,,,,,,,,,,,,,,,,,,,,
Jordan,0,,,,,0.024269643329818,0.046861140165114,0.619179120135364,1.32992394816627,2.5652982373015,2.63945852930236,4.69859616933803,5.97813665994315,8.35581907566203,11.4832409483155,12.7667599545605,13.7622151423046,20.0192264217591,23.2462236046311,26.4861186813187,27.8307548205722,35.7422582268241
Kazakhstan,0,,,,0.000521885598769,0.011381126107513,0.032099591695601,0.065232804593969,0.132755784865404,0.469064975403589,0.671876724806109,1.00878748863534,1.6795861336031,2.00713060429288,2.65754594597844,2.96655195735683,3.26927602494058,4.01789734072014,10.9869086376744,17.914579648741,31.0251971431979,44.0441800773852
Kenya,0,,,,,0.000727482162774,0.008839114851039,0.034406050923364,0.05026138769748,0.114256028237822,0.318059713612037,0.619782266151425,1.20777388492125,2.94190286101524,3.02352804209621,3.10189770248496,7.5337897198037,7.95,8.67,10.04,14,28
Kiribati,0,,,,,,,,0.616545618210291,1.21157783781819,1.78522547397736,2.33745894837722,2.5,3,3.5,4,4.5,6,7,8.97,9.07,10
North Korea,0,,,,,,,0,0,0,0,0,0,0,0,0,0,0,0,0,,
South Korea,0.023325530406128,0.046235882570921,0.098553720625731,0.249953608859596,0.310748734884962,0.811854684180187,1.60370908138349,3.54389708309665,6.6658068197962,23.113658924594,43.729722447243,55.2297940410077,57.9017995842258,63.810920067281,70.8714131705489,71.8298072416802,76.3170831741503,77.018592699288,78.9893569020818,79.579035354398,81.6224646994536,81.4639615781755
"United Korea (former)
",,,,,,,,,,,,,,,,,,,,,,
Kosovo,,,,,,,,,,,,,,,,,,,,,,
Kuwait,0,,,,,0.202898433102358,0.855662316859742,2.17453585891176,3.05239745470751,4.75622220879911,6.73139576837536,8.55179243431475,10.2489679289296,22.4029383804612,22.9271120360078,25.9261083689107,28.7911979549612,34.8,42,50.8,61.4,74.2
Kyrgyz Republic,0,,,,,,,,0.073646034348927,0.20718396553879,1.05340242972912,3.02895860049773,3.00647142139458,3.88167702144106,5.00429340670315,10.2885057407832,11.9892914420246,13.6859688691064,15.3617298964033,16.6450314862631,18.0160618219864,19.5844561467224
Lao,0,,,,,,,,0.009657813992434,0.037780708301385,0.111044032290124,0.181664460654566,0.267899241309349,0.333912466428616,0.361434490258043,0.850357490288917,1.16989342772256,1.64,3.55,6,7,9
Latvia,0,,,,,,0.814501447910032,2.05863972805595,3.32874895211202,4.4093783846399,6.35098246868403,7.25702417985695,22.0499146506664,27.0830658457982,38.6869248393411,46.1002976728659,53.7502951990168,59.3153968674487,63.552820483175,67.0340429495032,68.8188453100659,72.4272155675676
Lebanon,0,,,,,0.071617990783051,0.14016693882414,1.24107973937325,2.72235219941557,5.37680949802644,7.95274373635276,6.78321977527715,7,8,9,10.14,15,18.74,22.53,30.14,43.68,52
Lesotho,0,,,,,,0.002845939612577,0.005584433280542,0.010956532695663,0.053804459528824,0.211806070361977,0.261150063093855,1.08394313737534,1.53249659019509,2.17552433931097,2.58024548419449,2.97970818724486,3.44543125970873,3.58,3.72,3.86,4.2248
Liberia,0,,,,,,,0.004489442626719,0.00409938718261,0.011328731854204,0.017702705716947,0.033812227177592,0.03271330711907,0.031868934545033,0.031011184804023,,,0.551376580555429,0.53,0.51,2.3,3
Libya,0,,,,,,,,,0.133617289160985,0.187042622337565,0.366533175284228,2.24441822165946,2.81451798740855,3.53283816154549,3.91778797710285,4.30105178913002,4.72199937850513,9,10.8,14,16.9981
Liechtenstein,0,,,,,,,,,,36.5152298938015,45.1168526483592,59.4707106749926,58.8096918372148,64.0074481394199,63.3713561470216,64.2141613630526,65.080218443168,70,75,80,85
Lithuania,0,,,,,,0.277608543951944,0.978967042289725,1.9723332185643,2.92263501617902,6.42797107662605,7.17591300629995,17.6559975382451,25.857230448106,31.1979027189208,36.235318401642,43.9493184018536,49.9506299883458,55.2476912732292,59.7893659086989,62.8153398482424,67.1719135341867
Luxembourg,0,,0.152653068278311,0.301169919724465,0.495104817907264,1.58664748723305,5.54028798087481,7.14108635481814,11.7598242780204,17.3950264819684,22.8448896317728,35.9983005771452,39.5459603967053,53.9110488674357,64.8435399644179,68.8019769626665,71.4282649475178,78.2164508232412,81.9154847641461,87.2843919338346,90.7084833505276,90.7038249323017
"Macao, China",0,,,,0.036993375719521,0.280014085704224,0.727273598076568,2.36412767235082,7.00332424457476,9.21200508502681,13.6085897418451,22.5212167700561,25.1718801643395,25.7421239826498,31.4840973824121,34.8629271733959,46.4,47.327,49.24,54,53.8,58
"Macedonia, FYR",0,,,,,0.040743839913379,0.075995734106126,0.503985009469878,1.00286166576326,1.49733026014616,2.48556631640066,3.46818460849398,17.33,19.07,24.44,26.45,28.62,36.3,46.04,51.77,51.9,56.7
Madagascar,0,,,,,,0.003695195720845,0.014333647025198,0.062561023064581,0.168608781293706,0.196394691006341,0.222511586178292,0.339720154596142,0.423252419277809,0.525353654946669,0.567721802237403,0.607552238860378,0.65,1.65,1.63,1.7,1.9
Malawi,0,,,,,,,0.004668517951899,0.018057365179423,0.08727875490223,0.126780944756387,0.164020725330811,0.21509472652259,0.278815116302304,0.347505334967577,0.384489334082782,0.425137489606563,0.965864736553132,0.7,1.07,2.26,3.33
Malaysia,0,,0.001047822350103,0.02553847752162,0.09960741728625,0.145673836668164,0.852044466496617,2.30739323403082,6.75177048301491,12.3055021987515,21.3847311644538,26.6959725007084,32.3382043389359,34.9711523397291,42.2522656295248,48.629170245984,51.6379889864403,55.7,55.8,55.9,56.3,61
Maldives,0,0,0,0,0,0,0.226930089745917,0.309444238148286,0.56962746363878,1.11990861545698,2.2038729393788,3.61729064930367,5.3477651689359,5.97659284988557,6.58825487530861,6.86960506696215,11.0363527828647,16.3,23.2,24.8,28.3,34
Mali,0,,,,,,0.002055228089213,0.010085918917482,0.01979388822134,0.060909873376942,0.142545755049184,0.185897413256084,0.2270455784917,0.310364443230575,0.432819639900985,0.507063135952247,0.729627280833101,0.81,1.57,1.8,1.9,2
Malta,0,,,,,0.234800725600837,1.09833576412359,4.09052699821827,6.77480410417495,8.0866480300311,13.6658514747532,18.1834331301066,29.3783010286159,32.1325616309818,35.1303255181076,41.797373197602,40.8749444892817,47.3079457279061,50.3226500303435,59.0347355377291,63.0787509465258,69.0308427207637
Marshall Islands,0,0,0,0,0,0,0.037059431625349,,,0.966071566581652,1.53427179624871,1.7066140776699,2.33544457522934,2.5697503671072,3.59977681383754,3.8787023977433,3.79559021427832,3.71082548999764,3.62677217276624,3.54604213342789,,
Martinique,,,,,,,,,,,,,,,,,,,,,,
Mauritania,0,,,,,,,0.004172527329011,0.040594794935393,0.118464463622525,0.192031462434805,0.261448551967195,0.363229414608579,0.424004895843197,0.481470438230954,0.669966474877597,0.97966125273203,1.43361319586788,1.87,2.28,4,4.5
Mauritius,0,,,,,,0.186435278614455,0.481471191695777,2.59408467830879,4.68864266672068,7.33769543917567,8.84236180677673,10.3436040970271,12.2945746241885,13.8254149901092,15.336843833768,16.8864505251864,20.4645998145038,22.0727725343203,22.8026579646628,28.7335882222521,35.5082538328573
Mayotte,,,,,,,,,,,,,,,,,,,,,,
Mexico,0,0.005880694931129,0.017307809867662,0.028305041576257,0.043339166785183,0.102564189852775,0.20040628032987,0.627311539559522,1.26578327821238,1.85743622125093,5.08138415338066,7.0380231165045,11.9,12.9,14.1,17.21,19.52,20.81,21.71,26.34,31.05,36.15
"Micronesia, Fed. Sts.",0,,,,,,0.278037794604213,0.5706768449723,1.8587187851414,2.79759406910057,3.73486213690137,4.66052719883673,5.57009970478472,9.23250210039423,11.0178673081514,11.8813690993008,12.7503392500979,13.6211327333981,14.49,15.35,20,
Moldova,0,,,,0.000974439598282,0.004081522701837,0.00545415156687,0.032807508306632,0.301412074136085,0.6863606635585,1.44750217934936,1.65527579556186,4.14866406180038,7.98889286758481,11.2899706207473,15.3289637773902,20.3289734876452,20.9910562318698,23.8155411056307,27.7872936218642,32.3981405994618,37.8490677156505
Monaco,0,,,,,,,,,,42.1848634460346,46.6461423640265,48.0471171729696,49.4911689195459,52.4901966838546,55.4648260561427,61.4760397135217,64.3776824034335,67.25,70.1,75,
Mongolia,0,,,,,0.008811224795491,0.018160749325645,0.112742553679548,0.145810541501754,0.508471559914475,1.25565200358112,1.65323823906982,2.0395726034818,,,,,,12.49,12.6,12.9,20
Montenegro,,,,,,,,,,,,,,,25.3500686036232,27.1,28.9,30.8,32.9,35.1,37.5,40
Montserrat,,,,,,,,,,,,,,,,,,,,,,
Morocco,0,,,,,0.003710491842391,0.005675444236073,0.021635203071622,0.142300767186126,0.175595344602176,0.693791244805455,1.37143810096418,2.37325319241544,3.35336668122363,11.6079347729582,15.0844445240204,19.7711915653115,21.5,33.1,41.3,49,51
Mozambique,0,,,,,,0.003042978788977,0.011842610755649,0.020197055165486,0.056250628952345,0.109592530041641,0.160031946644069,0.259612611253739,0.419538843913707,0.679447835392438,0.854357118107528,0.842954488044236,0.91,1.56,2.68,4.17,4.3
Myanmar,0,,,,,,,,,0.000151709352622,,0.000289277380849,0.000426493506362,0.024064149140846,0.024337392002823,0.065238855501148,0.18204833106115,0.217128445069958,0.22,0.22,0.25,0.98
Namibia,0,,,,,0.00617205085523,0.009032145405498,0.058750678570338,0.286745093361335,0.336217707690083,1.64473954726899,2.41697944170998,2.63369976876116,3.35983988553801,3.8047156152631,4.01004664442375,4.39887064732726,4.83561077833704,5.32900377208954,6.5,11.6,12
Nauru,,,,,,,,,,,,,,,,,,,,,,
Nepal,0,0,0,0,0,0.000924877560084,0.004510472753926,0.021998857555329,0.064393595636209,0.146668869214028,0.204651683653029,0.240015303375743,0.312956060108532,0.382810917017044,0.449843651215974,0.82655126590551,1.14138916388191,1.41,1.73,1.97,7.93,9
Netherlands,0.333049730600647,0.528847182477016,1.31292671121417,1.9570845197712,3.24402662950234,6.45773120885358,9.64075866105377,14.0611567672647,22.2204554808712,39.0854361535363,43.8112146572985,49.0877255635705,60.8991070646233,64.0026037204115,68.2814350520296,80.9284742376593,83.8631284793848,86.1436881175185,87.7265569845976,89.7865912669442,90.7068632474198,92.1272194417825
Netherlands Antilles,,,,,,,,,,,,,,,,,,,,,,
New Caledonia,0,,,,,0.005118796485495,0.250564545874427,0.97854581004459,1.92384103341244,5.65209579993252,13.8568515983885,18.1187872561358,22.2129959557263,26.1463978593807,29.9279925297328,31.9016401051197,33.026174616253,34.5476745049505,34.3580900875054,34.1726972880528,42.6580566801619,51.1678714859438
New Zealand,0,,0.283627689539814,0.629860238642094,3.17171337523929,4.88644795587607,8.01031357992828,14.4888880399061,31.3747951985002,41.3026176065007,47.3836341056879,53.6022666619141,59.2824223689784,60.8651893265829,61.7209820259936,62.7235047287316,69.0049961764565,69.8286496606201,72.1803233315374,79.8260928680662,83.0063849077339,86.1817338599836
Ngorno-Karabakh,,,,,,,,,,,,,,,,,,,,,,
Nicaragua,0,,,,0.013166227572977,0.030046477608506,0.084093291415631,0.20621681842506,0.303808974638634,0.497901643314416,0.980216486692385,1.44879942820716,1.71472958428668,1.88041253242301,2.32066460863941,2.56635117656203,2.8055730627337,3.9,5.3,7.3,10,10.6
Niger,0,,,,,,0.001039304522357,0.002008766054184,0.002911502833329,0.028136022286731,0.036261293806589,0.10518543139701,0.127152468779619,0.155698703668983,0.189933733703092,0.221341351487395,0.294033977096223,0.390390619762082,0.7,0.76,0.83,1.3
Nigeria,0,,,,,,0.008832980441043,0.017237400739936,0.02523146101791,0.041038722907774,0.06408080794941,0.089901370457273,0.320461975542327,0.558576244860521,1.28613764134527,3.54915571796492,5.54503608300536,6.77,15.86,20,24,28.43
Niue,,,,,,,,,,,,,,,,,,,,,,
Norfolk Island,,,,,,,,,,,,,,,,,,,,,,
Northern Cyprus,,,,,,,,,,,,,,,,,,,,,,
Northern Mariana Islands,0,,,,,,,,,,,,,,,,,,,,,
Norway,0.707301449284246,1.4077914460772,2.21596200091816,2.7822979799963,4.14988218805769,6.42309082539224,18.2661520397865,20.4500251276172,22.5997400651327,40.0336268322578,51.9987494898092,64.0028641367235,72.7989105626312,78.023969173172,77.6077065404156,81.990124138844,82.6939101551126,87.1674483458066,90.7741343358894,92.1806091627481,93.2727002596716,93.4547589983845
Oman,0,,,,,,0,0.439792804813796,0.862725306105723,2.51566598659283,3.52042141651097,5.89384152148671,6.87339603918545,7.25574294536556,6.75885217024525,6.68358142020519,8.299716672503,16.68,20,51.5,62,68
Pakistan,0,,,,,0.000122701855596,0.002991730490437,0.027549237940341,0.043947719253592,0.055357237866474,,1.31855077925626,2.57742673683831,5.04115812592502,6.16432098534156,6.33232909830782,6.5,6.8,7,7.5,8,9
Palau,0,,,,,,,,,,,,20.243939470621,21.6015271777354,26.9703326341025,,,,,,,
Panama,0,,,,0.007636899052414,0.056123042662118,0.219998526009876,0.539065540666565,2.75064807135796,3.83686450851963,6.55479647729549,7.26839987788729,8.51807781515595,9.98742407723405,11.1408625409415,11.4840092783071,17.3495661695931,22.29,33.82,39.08,40.1,42.7
Papua New Guinea,0,,,,,,0.002067022800915,0.100588320971699,0.234958541565341,0.667113314914652,0.835249302427624,0.904103545170821,1.3216569348661,1.37440466802801,1.5079127722725,1.71619047556782,1.754487260668,1.79055936140245,1.15,1.61,1.28,2
Paraguay,0,,,,,,0.020359611823641,0.099576719281678,0.194904950702691,0.381657320196943,0.747630711548184,1.09879383569333,1.79496959770244,2.11194208210034,3.45243843137079,7.90700786141285,7.96207388394416,11.21,14.27,18.9,19.8,23.9
Peru,0,,,,0.008504578333439,0.033412304707689,0.246232579968339,0.403429701123947,1.19038044043045,1.95249760760468,3.07643061137675,7.57876295717419,8.96694917040028,11.6,14.1,17.1,20.7,25.2,30.57,31.4,34.77,36.5
Philippines,0,,,,0.005844253479241,0.028585701820715,0.0559460285306,0.136912962909744,1.10340599442803,1.43160880335918,1.98225319605827,2.52400566008269,4.33227574643007,4.85767226708512,5.2436284521711,5.3976363293955,5.74058632534702,5.97,6.22,9,25,29
Pitcairn,,,,,,,,,,,,,,,,,,,,,,
Poland,0,0.005217780455563,0.051969631172427,0.129471344536174,0.38730005724321,0.644341626105797,1.28764092352472,2.05948788647799,4.07075324106195,5.41068331591483,7.25676102614536,9.90551907928776,21.1500735789489,24.8658214284312,32.5239612566288,38.80958816018,44.6139692055851,48.6882258078056,53.2591858973876,59.1208965756956,62.4717487624229,65.0208240297258
Portugal,0,0.100013927740659,0.250730832547432,0.452217022898387,0.724185183916611,1.50842320707641,3.01382930051336,5.01198031106101,9.99034617976478,14.9187467700006,16.6078106509739,18.2395883091643,19.4724750494363,29.7402828118752,31.7929607816438,34.9708920951514,37.9858889979388,39.6188832950694,41.9481188313804,46.6079921414398,51.2836311989852,55.5737862085174
Puerto Rico,0,,,,0.027400725641359,0.135781946700247,0.26871033330076,1.3322571925225,2.650404891524,5.27024568346164,10.4849507675853,15.6237155024837,17.4978366187861,19.5905428247404,21.9311966964584,23.158932128419,25.2276775555516,27.7304504605478,37.9809538547771,41.6460773016862,45.6289928903395,48.5029090644214
Qatar,0,,,,,0.190209534823562,0.930185832525622,3.08374918598091,3.52002984985313,4.07072891489632,4.86367917875156,6.17026856093911,10.2261289281118,19.242336421002,20.701647851169,24.733493781051,28.9741127135829,37,44.3,53.1,81.6,86.2
Reunion,,,,,,,,,,,,,,,,,,,,,,
Romania,0,,,0.003733425797818,0.026392707729727,0.07494179887649,0.221116882508934,0.443696312445738,2.22424893402599,2.67485033474929,3.57325545634396,4.53211428131102,6.64266761802859,8.97503061469055,15.1109348491046,21.6365247457391,24.7942327577238,28.4287318071629,32.5344108249183,36.6968109859774,40.02009301287,44.1156853623188
Russia,0,,0.00067347630801,0.013485768684171,0.05400989489985,0.148708662129067,0.271063843979655,0.475645661173886,0.817448408564373,1.02579408393309,1.98337273556268,2.94864790838899,4.13452108313989,8.31498906240875,12.9002787311304,15.3004035893184,18.1510288554739,24.8672989710063,27.059288291652,29.235841462899,43.3145508173619,49.3126343620094
Rwanda,0,,,,,,0.000883371624549,0.001625791028625,0.011763572773505,0.067176482427102,0.062831459510716,0.240672409832383,0.292784718792575,0.356918467272361,0.43085424337006,0.556041164839515,,2.11538717825754,4.5,7.7,8,7
St. Barthélemy,,,,,,,,,,,,,,,,,,,,,,
St. Helena,,,,,,,,,,,,,,,,,,,,,,
St. Kitts and Nevis,0,,,,,,2.0809552054215,2.45603148155368,3.74026839042089,4.73562737248642,6.10070641528274,7.81243426781527,21.4227301184865,23.5662807250259,24.7376775443732,34,49,52,60,69,76,
St. Lucia,0,,,,,0.30908236487437,0.67940175133853,1.00153556792618,1.31546653514489,1.95097394918289,5.12677028128679,8.23171260977295,14.7667854267424,21.1699336141324,21.5528768246279,21.6916100010334,24.5905569545698,27.9754107806912,32.0550457638363,36.0183790682833,40.0613793103448,42.0105
St. Martin,,,,,,,,,,,,,,,,,,,,,,
St. Vincent and the Grenadines,0,,,,,0.128634622147365,0.483248317425638,0.926371956868122,1.8539976825029,2.78200229978857,3.24503741064558,5.09480977832946,5.54959487957379,6.46227416659743,7.37116584201749,9.19827808234299,12,16,21,31,38.5,43.01
St.-Pierre-et-Miquelon,,,,,,,,,,,,,,,,,,,,,,
Samoa,0,,,,,,,0.174571862507201,0.230359014524136,0.285308332715165,0.566392532680849,1.68990283058724,2.24483267578443,2.79963044878076,3.07552941044897,3.35259211246829,4.46917387320954,4.74998323535329,5.03161531623702,6,7,
San Marino,0,,,,,1.36213271064409,1.42807518622872,1.41854847985278,1.40855794122126,42.8033157498116,48.7994953055999,50.3416690898517,50.8348399446985,50.003453038674,50.5663430420712,50.2595641966736,50.2086593635889,50.3648221088655,54.52,54.21,,49.6
Sao Tome and Principe,0,,,,,,,,0.295847047076661,0.363203161320316,4.6385168164075,6.31091788794615,7.580665168911,10.1618443069961,13.3228526892178,13.759484215906,14.1820197774712,14.5904831987414,15.48,16.41,18.75,20.1612
Saudi Arabia,0,,,,,0.010956133558555,0.026732651404782,0.052099030879877,0.101429892697824,0.493585340238987,2.21069180908888,4.6810531658103,6.38470501955932,8.00158289090878,10.2345329969583,12.7050359882849,19.4595543513634,30,36,38,41,47.5
Senegal,0,,,,,0.000692848167174,0.011238219115379,0.027347441477296,0.079871379390436,0.311090952417394,0.403967485868965,0.983794058848003,1.00645453672323,2.10143642986685,4.38602398008563,4.78668408310535,5.61173865217952,7.7,10.6,14.5,16,17.5
Serbia,,,,,,,,,,,,,,,31.1589653011454,28.7078378054741,29.7305875179736,36.3657603407076,39.2587175269968,42.238322824246,45.5588153691536,47.1929614929073
Serbia and Montenegro,,,,,,,,,,,,,,,,,,,,,,
Serbia excluding Kosovo,,,,,,,,,,,,,,,,,,,,,,
Seychelles,0,,,,,,0.64360547745503,1.26496909374031,2.46700076653881,6.02764275884681,7.17266004703966,10.8024027330485,13.781222650079,14.3915930256289,24.3106804400024,25.6011853160504,34.824309715665,38.3538214575518,39.7944928469571,,40.9966830395839,43.6051807381435
Sierra Leone,0,,,0,0,0,0.002506116176529,0.004987834671237,0.014805065405078,0.048490655608211,0.118254245682183,0.160264445493032,0.176198956814076,0.190173281668183,0.203007680592588,0.215391610340129,0.227669467190838,0.239834698546233,0.25,0.26,,
Singapore,0,0.159668763384334,0.465530876529685,0.757270505583906,1.17358609617417,2.83850397351792,8.13576086784911,13.0269185342473,18.7629933937396,23.4597820701784,35.0293701432508,40.088963055914,45.3817526340996,53.4617789862723,61.9026558187534,61.0028456561489,59.1146782841823,67.9450795449592,68.0420928214242,68.4195815622744,71.1359107294108,75.0612448637074
Slovak Republic,0,,,0.128074410204621,0.318952706865351,0.523882959916626,0.784375533984712,1.17482046914746,2.69281968935672,5.4431293665638,9.45501160662187,12.5939533379662,40.3571970025968,43.2766172844968,53.173992846736,55.4819321993814,56.3994684432214,62.1853656204804,66.4736434885638,70.4311933547288,76.1564438309504,74.8710678088235
Slovenia,0,,,0.401660110028482,1.05557776084657,2.86450585766321,5.02855431780903,7.55292656747324,10.0925280861858,12.6066967182914,15.0835250197971,30.1202412277044,27.7940675105529,31.8339313965541,40.8293524475566,46.8476731214702,54.0109419403767,56.5775782138047,57.9097855060762,63.5095988613839,69.3540852384306,71.4039298245614
Solomon Islands,0,,,,,0.024871909665224,0.268683584776388,0.391923245751552,0.508292796982774,0.494541498213469,0.481296806114395,0.468551963584141,0.501919843401009,0.555609881855115,0.64967267325146,0.844307572805697,1.64634798857435,2,3,4,5,6
Somalia,0,,,,,0,0.001509550397019,0.002948713034196,0.00716442000008,0.013910393971569,0.02,0.07903917866701,0.115614213354469,0.376198002539086,1.05345474358422,1.07732783912096,1.10021636808277,1.12223562161375,1.14268737216185,1.16061054246061,,1.25
Somaliland,,,,,,,,,,,,,,,,,,,,,,
South Africa,0,0.013933413105798,0.040936028082369,0.120229817807316,0.261473624918122,0.71622352996102,0.887670410052841,1.70975000498302,3.0183465065954,4.23265532992552,5.44099013769548,6.41442990030579,6.78137228956845,7.08592946549971,8.52656706986047,7.58283744486178,7.70275982813081,8.16317795167381,8.52093625375366,10.0874597907752,18.0509549861676,20.9473704353098
South Ossetia,,,,,,,,,,,,,,,,,,,,,,
Spain,0.012886395786829,0.025712693996128,0.076882019312133,0.127735127325065,0.280238015570629,0.381185685849687,1.33324145434912,2.80517793315704,4.36331172629269,7.08905757124212,13.6335022934997,18.1694588748604,20.4150485149419,39.9635356878957,44.0516506367317,47.877018956318,50.2574758510098,54.7728473171551,59.0643109813047,62.032356103086,65.8085950955972,67.9215075592084
Sri Lanka,0,,,,0.002796164734413,0.005512710188598,0.054478150283796,0.161241837985054,0.292029764359073,0.340261900359387,0.635313319941853,0.799092077999972,1.06225299373048,1.47355576139784,1.45922668878639,1.8101584719079,2.56364333311974,3.92516611208144,5.87367236484147,8.87408639413203,12.1202434513146,15.1267866213043
Sudan,0,,,,0,0,0,0.001231818967943,0.004805071031713,0.008794580755886,0.025785032476248,0.140185224494161,0.439477639075584,0.538471703150458,0.791561615446386,1.29204067798853,8.09203373417138,8.66,10.16,,,
Suriname,0,,,,,0.114720735314025,0.226306296520088,1.00308693643322,1.67014843562543,1.89187135708936,2.50641105226881,3.06444838873752,4.1615687449541,4.71987539528956,6.0760478144456,6.40308628759062,9.49962694173364,14.11,21.06,31.36,31.59,32
Svalbard,,,,,,,,,,,,,,,,,,,,,,
Swaziland,0,,,,,0.001031750044107,0.050399008953888,0.088545986358015,0.098059930772139,0.488768246522599,0.974797312189475,1.36132862524606,1.94046961939314,2.61469482183126,3.48095995522269,4.01484685565719,4.05519911187786,4.55378844468494,7.63739211260125,10.0095009242853,12.4054796846252,20.4316581333298
Sweden,0.58419165692527,1.16043245501279,1.49970133986496,1.72036700256694,3.41639790705893,5.09803001923997,9.0501699501874,23.7490627602006,33.4738496559678,41.40758542449,45.6260838106396,51.6554645583917,70.3871338856721,78.9282757741513,83.7448032202257,84.8278674061185,87.8585988686753,82.1290692900771,90.1682441510441,91.1232610798606,90.0149806048671,90.8820455939913
Switzerland,0.592007951982846,1.1695664240144,1.73625753115798,2.15258936701265,2.70733847587232,3.5409158388761,4.54265262436216,15.1033591501989,24.81027926719,33.9654907180034,46.9928617183422,54.9333477135223,61.1490142493507,64.8168296747745,67.5394843175398,69.8916166685603,75.5423678241951,76.8983613417724,78.4287717247399,80.0126519160865,82.1650535326871,82.9877308713798
Syria,0,0,0,0,0,0,0,0.03260781382347,0.063687286253526,0.124295462246123,0.181698580104333,0.353759130007247,2.09310101861765,3.39797261356623,4.32159377785571,5.64810604883917,7.85738026873153,,14.0402673907677,17.3134950987398,20.6635508215568,22.4413474179132
Taiwan,,,,,,,,,,,,,,,,,,,,,,
Tajikistan,0,,,,,,,,,0.032791857781713,0.048599594582182,0.051259132535293,0.055462826991001,0.064583777150855,0.077479907135682,0.298690023682825,3.77240620666448,7.19761951797855,8.78,10.07,11.55,13.03
Tanzania,0,,,,,,0.001622154530074,0.007900283007098,0.009244125142776,0.075130888526137,0.11719444010825,0.171300350668948,0.222484413923909,0.676962856510303,0.87757497099259,4.3,5.8,7.2,9,10,11,12
Thailand,0,0.000052233428266,0.00034372496984,0.013580965719724,0.038614320735316,0.074825337708365,0.115472136284834,0.360522184921104,1.09121898525592,2.42624243224657,3.68904127944164,5.55632612097332,7.53125033488567,9.29902723805965,10.6773033237281,15.0260043588909,17.1607147169285,20.03,18.2,20.1,22.4,23.7
Timor-Leste,0,,,,,,,,,,,,0,,,0.101775898441064,0.119402805302035,0.142945066591604,0.164156250179576,0.183551977629519,0.20666445222853,0.88312633942239
Togo,0,0,0,0,0,0,0.010929138525956,0.211139464795239,0.305583935248801,0.590363264291661,0.8,0.9,1,1.2,1.5,1.8,2,2.2,2.4,2.6,3,3.5
Tokelau,,,,,,,,,,,,,,,,,,,,,,
Tonga,0,,,,,0.123231119965495,0.163793456451415,0.510866122423958,0.765134357593193,1.01796711966204,2.4343980443669,2.82537183911525,2.90729731626382,2.98581736750435,3.95237389457043,4.90778276190383,5.85394409483389,7.17986532901248,8.11076994380395,10,16,25
Transnistria,,,,,,,,,,,,,,,,,,,,,,
Trinidad and Tobago,0,,,,,0.158149899218977,0.39308052490401,1.17317465755032,2.72482533869579,5.81425096167711,7.72141147401745,15.384627218944,21.9986754804449,25.9717641091609,27.0242700782714,28.9767124326784,30.0037485791676,32.3,34.8,44.3,48.5,55.2
Tunisia,0,,,,0.007373909614456,0.011164495150618,0.027506329749686,0.043410003456696,0.107154134162798,1.58665725042648,2.71985382412777,4.24147481251108,5.17356154984288,6.41325750263437,8.42715699869281,9.54255842915068,12.8452749507116,16.9415744393698,27.312575129007,33.8268307435151,36.5622063683158,38.8078874159156
Turkey,0,,,0.008457731623523,0.049869181500781,0.081691205315993,0.19272493561622,0.473695432121789,0.698805128639542,2.29211768539022,3.761685035075,5.18948146078506,11.38,12.33,14.58,15.46,18.24,28.63,34.37,36.4,39.82,42.1
Turkmenistan,0,,,,,,,,,0.045020770332393,0.13328218259348,0.175209517731422,0.302132016152841,0.425182631884743,0.754053982724623,0.997256558542959,1.3195731180963,1.40636068812023,1.75,1.95,3,5
Turks and Caicos Islands,,,,,,,,,,,,,,,,,,,,,,
Tuvalu,0,,,,,,,,,,5.24163958486214,,,,,,,10,15,20,25,30
Uganda,0,,,,,0.002863471264994,0.004625948145897,0.010319340979965,0.06528946519658,0.105543940327651,0.163714063074854,0.237945087191408,0.384093504951945,0.464849840113968,0.719970679914031,1.7422055032439,2.52936303826279,3.67196535074744,7.9,9.78,12.5,13.01354333
Ukraine,0,,,0.000767551478963,0.013498423345156,0.042757313078334,0.098032297617267,0.197834469814197,0.29937170638911,0.40287802251031,0.712046852380547,1.23276477382202,1.86727118930125,3.13695594733036,3.47650952141552,3.73533831567582,4.48725234538407,6.51800411960176,10.9365998676991,17.7685134181481,23.0854568537214,30.2545942007741
United Arab Emirates,0,,,,,0.102939174586567,0.375393534255,3.29559269403717,6.90830298573401,14.9426989907479,23.6253008751553,26.2717542010006,28.3164853110439,29.4779534120864,30.1312961695367,40,52,61,63,64,68,70
United Kingdom,0.087304792970197,0.17406323573884,0.260366481506035,0.519429037336753,1.03612281750312,1.89445554244035,4.12293580154594,7.3856290658346,13.6701899434749,21.2896275527084,26.8133756999686,33.4749597660708,56.4934826608096,64.8614473596537,65.6362164417218,69.9749171044841,68.7547082809533,74.9785124952512,78.2326888861774,77.7997196196077,77.7546292755148,81.707337718108
United States,0.796410627779565,1.17618910253072,1.73604557772271,2.27940161861887,4.86911918156373,9.23867420362358,16.4193305307655,21.6153179961584,30.1076044584129,35.8821309347052,43.1301406869156,49.1800068549042,58.9575170072891,61.9486817821693,65.0364425615335,68.2678998507781,69.2048477391694,75.2622629168697,74.2178183699969,71.2118162666914,74.2474066363131,78.2362191947777
Uruguay,0,,,,0.062474385501944,0.310128582411554,1.85371588435533,3.37679025434962,7.0222506180009,10.0287751667951,10.5972266878517,11.1767483535547,11.4776364541989,16.0316171235569,17.1645705179726,20.1903161165413,29.5151796397972,34.1188806181643,39.440447569504,41.9556188485407,46.5686752960748,51.5741462538536
USSR,,,,,,,,,,,,,,,,,,,,,,
Uzbekistan,0,,,,,0.001536098310292,0.004307666875932,0.010574654419073,0.020820388563506,0.030887455112498,0.486807516308052,0.599438344067978,1.08207794006284,1.90674481807301,2.57806021943565,3.31545210699597,6.32212610934185,7.38907754743488,8.91691277858111,16.6654553189819,19.2173640870515,28.5727940029719
Wallis et Futuna,,,,,,,,,,,,,,,,,,,,,,
Vanuatu,0,,,,,,0.056845635676321,0.139505814602353,0.274185941938385,0.538300048447004,2.10833689115184,2.83057223877678,3.51003871071264,3.90329584542948,4.74660261917533,5.08233380768449,5.85058505850585,6.8,7.26911992337492,7.5,8,
Venezuela,0,,0.012068234154725,0.04155295713625,0.055452733840336,0.122169988482259,0.248230217650765,0.39101416680623,1.38466060333902,2.84211183414252,3.36475259690522,4.64455428997556,4.92083108395613,7.51818988964121,8.42795012417732,12.594147862191,15.2797510254848,20.9136951719245,25.9934745587972,32.8565795906144,37.5590364184643,40.4382729701482
West Bank and Gaza,0,,,,,,,,,,1.18322306867127,1.93987816554544,3.23085087470958,4.2357933994319,4.44037701946181,15.9194119083626,18.0940776525902,20.6017172924279,23.6727331869561,32.3191708613671,43.4392450998166,56.8190326844607
West Germany,,,,,,,,,,,,,,,,,,,,,,
Western Sahara,,,,,,,,,,,,,,,,,,,,,,
Vietnam,0,,,,,,0.000138426102766,0.004078646401318,0.013349630240253,0.131105043477014,0.257939663772929,1.28188903551834,1.87743322265199,3.82296806538607,7.71985729218874,12.8586248555275,17.4124960587502,20.9492320935619,24.1531271481151,26.8204143347864,30.9746471981888,35.450083102459
Virgin Islands (U.S.),0,,,,0.931380561661869,2.78119315245537,4.62366878021185,6.91938404980386,9.21089190540308,11.0460515650931,13.7988034194372,18.3723864642149,27.4969565855886,27.4225391457454,27.3562293697194,27.2854390316883,27.2424671831813,27.2325357209939,27.2359698458771,27.248560698308,,
North Yemen (former),,,,,,,,,,,,,,,,,,,,,,
South Yemen (former),,,,,,,,,,,,,,,,,,,,,,
Yemen,0,,,,,,0.000621080747578,0.015025295385287,0.023323242532452,0.056628675243495,0.082500386514311,0.090802458716929,0.518796032123435,0.604734100431821,0.881222988679516,1.04859793417826,1.24782404904485,5.01,6.89,9.96,12.35,14.905
Yugoslavia,,,,,,,,,,,,,,,,,,,,,,
Zambia,0,,,,0.006776105284413,0.00878362302271,0.009069176047218,0.009329657862787,0.030226182523826,0.147053172074171,0.191071642503428,0.233129556342332,0.477750906947484,0.980483039426114,2.01354953218533,2.85175226129009,4.15991339393107,4.87,5.55,6.31,10.1254493804118,11.5
Zimbabwe,0,,,,0.0017392795591,0.007683539919533,0.016790483892511,0.033080326724463,0.081648476202654,0.161675527563414,0.401433535211582,0.799846045633137,3.99435613455612,6.39478645849612,6.5640450271075,8.01597808880485,9.79184150186944,10.85,11.4,11.36,11.5,15.7
Åland,,,,,,,,,,,,,,,,,,,,,,
South Sudan,,,,,,,,,,,,,,,,,,,,,,
Christian,,,,,,,,,,,,,,,,,,,,,,
Coastline,,,,,,,,,,,,,,,,,,,,,,
Curaçao,,,,,,,,,,,,,,,,,,,,,,
Sint Maarten (Dutch part),,,,,,,,,,,,,,,,,,,,,,
St. Martin (French part),,,,,,,,,,,,,,,,,,,,,,
Antarctica,,,,,,,,,,,,,,,,,,,,,,
"Virgin Islands, British",,,,,,,,,,,,,,,,,,,,,,
Hawaiian Trade Zone,,,,,,,,,,,,,,,,,,,,,,
U.S. Pacific Islands,,,,,,,,,,,,,,,,,,,,,,
Wake Island,,,,,,,,,,,,,,,,,,,,,,
Bonaire,,,,,,,,,,,,,,,,,,,,,,
Sark,,,,,,,,,,,,,,,,,,,,,,
Chinese Taipei,,,,,,,,,,,,,,,,,,,,,,
Saint Eustatius,,,,,,,,,,,,,,,,,,,,,,
Saba,,,,,,,,,,,,,,,,,,,,,,