"V1" "V2" "V3"
"1" 1 0.44734932028605 0.45569997007266
"2" 1 0.524652505238387 0.527266535642264
"3" 1 0.547209113296737 0.616982254313208
"4" 1 0.605514900423627 0.756258297977136
"5" 1 0.910797839780405 1.11081839755031
"6" 2 0.745383882481689 0.778707694167634
"7" 2 0.78343906304625 0.827073289584773
"8" 2 1.11115031736565 1.1718141724535
"9" 0 0 0.233836908448455
"10" 0 0 0.238414393592034
"11" 0 0 0.241585380404949
"12" 0 0 0.245343665017786
"13" 0 0 0.246687210506204
"14" 0 0 0.255379212230266
"15" 0 0 0.256739903750713
"16" 0 0 0.26105957929133
"17" 0 0 0.271756345768558
"18" 0 0 0.281967770835561
"19" 0 0 0.284147686680547
"20" 0 0 0.286504917080624
"21" 0 0 0.288490212164844
"22" 0 0 0.288751108344167
"23" 0 0 0.289332582152551
"24" 0 0 0.291002494180942
"25" 0 0 0.291629921751516
"26" 0 0 0.291868542451146
"27" 0 0 0.292824171828778
"28" 0 0 0.294321791818776
"29" 0 0 0.296609107634302
"30" 0 0 0.301010464999529
"31" 0 0 0.30153770627822
"32" 0 0 0.305457858652744
"33" 0 0 0.306247370500523
"34" 0 0 0.306903059277764
"35" 0 0 0.308489262165901
"36" 0 0 0.313428784073237
"37" 0 0 0.315883797943663
"38" 0 0 0.316223688673428
"39" 0 0 0.326062528320414
"40" 0 0 0.327520390159396
"41" 0 0 0.332723627594316
"42" 0 0 0.344247350898899
"43" 0 0 0.345548567048776
"44" 0 0 0.350493897936517
"45" 0 0 0.359041066591078
"46" 0 0 0.360905106414706
"47" 0 0 0.361777934059857
"48" 0 0 0.362102558923685
"49" 0 0 0.379315978250983
"50" 0 0 0.389112849799286
"51" 0 0 0.392238214178123
"52" 0 0 0.406898332486314
"53" 0 0 0.420298652976084
"54" 0 0 0.422783644257114
"55" 0 0 0.436040180609892
"56" 0 0 0.440409622545626
"57" 0 0 0.452244486801584
"58" 0 0 0.456112523321519
"59" 0 0 0.456689762344732
"60" 0 0 0.457383466654364
"61" 0 0 0.462789382225289
"62" 0 0 0.470108593844766
"63" 0 0 0.5324388003999
"64" 0 0 0.544467210729182
"65" 0 0 0.551245453432739
"66" 0 0 0.569651109415483
"67" 0 0 0.586395490370941
"68" 0 0 0.595828771989511
"69" 0 0 0.647282403105859
"70" 0 0 0.706857435925768
"71" 0 0 0.95938687449933
"72" 0 0 2
