"V1" "V2" "V3"
"1" 1 0.264578197476219 0.288109649134414
"2" 1 0.29571021199412 0.326235992557402
"3" 1 0.277385937267689 0.331621247687001
"4" 1 0.377570977790812 0.442060508581568
"5" 1 0.53391307748659 0.681908024303736
"6" 1 0.908443826119654 1.02309077276034
"7" 2 0.736290111403655 0.770706628663344
"8" 2 1.02309077276034 1.14954349723134
"9" 0 0 0.164202891253424
"10" 0 0 0.176932881768228
"11" 0 0 0.188894755874855
"12" 0 0 0.190139264252188
"13" 0 0 0.19662329377913
"14" 0 0 0.19822165238877
"15" 0 0 0.206106386997181
"16" 0 0 0.208984328250247
"17" 0 0 0.210479248272849
"18" 0 0 0.210556008559979
"19" 0 0 0.211903970801813
"20" 0 0 0.215199206447514
"21" 0 0 0.216036329025022
"22" 0 0 0.217081345446712
"23" 0 0 0.2207563128695
"24" 0 0 0.227839636307896
"25" 0 0 0.234952980187457
"26" 0 0 0.235244142947048
"27" 0 0 0.235578875676593
"28" 0 0 0.236959624091173
"29" 0 0 0.241838736088256
"30" 0 0 0.243048706410464
"31" 0 0 0.243065711051397
"32" 0 0 0.243767603242879
"33" 0 0 0.245541983826798
"34" 0 0 0.249225285178554
"35" 0 0 0.253548714977257
"36" 0 0 0.257298247577529
"37" 0 0 0.263363163869211
"38" 0 0 0.26471267636875
"39" 0 0 0.272766847181033
"40" 0 0 0.277862522820451
"41" 0 0 0.280185152014804
"42" 0 0 0.281518466070923
"43" 0 0 0.282565580612897
"44" 0 0 0.30486562012532
"45" 0 0 0.304957761930745
"46" 0 0 0.310507295925557
"47" 0 0 0.317658134688047
"48" 0 0 0.3182229113035
"49" 0 0 0.328848817232487
"50" 0 0 0.336537291033631
"51" 0 0 0.33847157812262
"52" 0 0 0.344406387935086
"53" 0 0 0.345568742887137
"54" 0 0 0.358083398633377
"55" 0 0 0.378928887228146
"56" 0 0 0.384315732414861
"57" 0 0 0.384780601041411
"58" 0 0 0.395495812673853
"59" 0 0 0.400885493146849
"60" 0 0 0.417279053876812
"61" 0 0 0.420687747375463
"62" 0 0 0.424424285796651
"63" 0 0 0.442089481512842
"64" 0 0 0.462500584460567
"65" 0 0 0.498978159439076
"66" 0 0 0.673467903213049
"67" 0 0 0.953419167060145
"68" 0 0 2
