"V1" "V2" "V3"
"1" 1 0.290854254600091 0.301965572440216
"2" 1 0.331558730682024 0.35294097800548
"3" 1 0.404425507202685 0.444622150814186
"4" 1 0.443866938501492 0.504336200633064
"5" 1 0.468308797993517 0.551890025703144
"6" 1 0.587260223035541 0.66866942973185
"7" 2 0.712917732898038 0.76910029780541
"8" 0 0 0.204006075373381
"9" 0 0 0.20636625427689
"10" 0 0 0.211258875449648
"11" 0 0 0.221893744072085
"12" 0 0 0.223681378816001
"13" 0 0 0.232439522588694
"14" 0 0 0.236143651616989
"15" 0 0 0.258043745550157
"16" 0 0 0.262166106490109
"17" 0 0 0.26282777684867
"18" 0 0 0.269929282575897
"19" 0 0 0.270359487746289
"20" 0 0 0.273774125543961
"21" 0 0 0.27556223980148
"22" 0 0 0.276613663092254
"23" 0 0 0.277145264470088
"24" 0 0 0.283155728763467
"25" 0 0 0.284659923887936
"26" 0 0 0.287464042403655
"27" 0 0 0.28770233733915
"28" 0 0 0.291431779546444
"29" 0 0 0.293724568117195
"30" 0 0 0.294456375332071
"31" 0 0 0.297142320422528
"32" 0 0 0.302561637379222
"33" 0 0 0.303281926738842
"34" 0 0 0.312406547558585
"35" 0 0 0.315918847176407
"36" 0 0 0.317254264030771
"37" 0 0 0.317590987355542
"38" 0 0 0.326822334748812
"39" 0 0 0.327435320901158
"40" 0 0 0.331340994678254
"41" 0 0 0.332061447184878
"42" 0 0 0.332619120117532
"43" 0 0 0.334177938774773
"44" 0 0 0.339540013623207
"45" 0 0 0.344163657882482
"46" 0 0 0.348508385483657
"47" 0 0 0.352076304948536
"48" 0 0 0.35361521299145
"49" 0 0 0.356091177030866
"50" 0 0 0.369036249738246
"51" 0 0 0.384661431530146
"52" 0 0 0.398752688381467
"53" 0 0 0.419761868612911
"54" 0 0 0.428406337469873
"55" 0 0 0.42892894319244
"56" 0 0 0.43005971163215
"57" 0 0 0.440249801088392
"58" 0 0 0.442190727672821
"59" 0 0 0.565818493187918
"60" 0 0 0.578940481272455
"61" 0 0 0.580340970459285
"62" 0 0 0.638444533965877
"63" 0 0 1
