"V1" "V2" "V3"
"1" 1 0.268314405119476 0.276793696953703
"2" 1 0.281265584956699 0.285462996890571
"3" 1 0.327008300288211 0.331513396835154
"4" 1 0.338023429778998 0.401979031475711
"5" 1 0.421510682079617 0.454224632013559
"6" 1 0.416089329492493 0.480642404250788
"7" 1 0.505733979370192 0.515759379466295
"8" 1 0.434814345512901 0.515759379466295
"9" 1 0.585978795701808 0.672033489077711
"10" 1 0.897349987433573 1.030765300761
"11" 2 0.540002779444907 0.546565800444385
"12" 2 0.689781563584116 0.772904778794044
"13" 2 1.04372307983694 1.11441537721422
"14" 0 0 0.195057583318401
"15" 0 0 0.198344472193325
"16" 0 0 0.205365345594714
"17" 0 0 0.208841125581951
"18" 0 0 0.223896414046663
"19" 0 0 0.223967080774971
"20" 0 0 0.229628956026813
"21" 0 0 0.230668479517121
"22" 0 0 0.238467993892258
"23" 0 0 0.239342467943006
"24" 0 0 0.240030070480312
"25" 0 0 0.242446698494416
"26" 0 0 0.265087047664872
"27" 0 0 0.26538915804288
"28" 0 0 0.271564335965041
"29" 0 0 0.277494845651948
"30" 0 0 0.278301020918611
"31" 0 0 0.279341236299096
"32" 0 0 0.279480482726678
"33" 0 0 0.28190208750076
"34" 0 0 0.284904470288352
"35" 0 0 0.284939543095865
"36" 0 0 0.285952955717343
"37" 0 0 0.28782521643245
"38" 0 0 0.288798071079224
"39" 0 0 0.297136519831961
"40" 0 0 0.305141850488576
"41" 0 0 0.306229922708071
"42" 0 0 0.306931708184053
"43" 0 0 0.312647404673026
"44" 0 0 0.31582403204848
"45" 0 0 0.31609791897849
"46" 0 0 0.319029850565663
"47" 0 0 0.325105021635469
"48" 0 0 0.331728180713275
"49" 0 0 0.339347223336585
"50" 0 0 0.347348696249656
"51" 0 0 0.352081883205886
"52" 0 0 0.361615056749779
"53" 0 0 0.371530357980076
"54" 0 0 0.372873987680389
"55" 0 0 0.373470757341701
"56" 0 0 0.375926067945133
"57" 0 0 0.379227310258327
"58" 0 0 0.38184974732256
"59" 0 0 0.388770764305979
"60" 0 0 0.398305019974081
"61" 0 0 0.413259970301181
"62" 0 0 0.414566986452012
"63" 0 0 0.431732475251926
"64" 0 0 0.449937954634315
"65" 0 0 0.454199060893543
"66" 0 0 0.456660377422315
"67" 0 0 0.513485510365869
"68" 0 0 0.543640999570848
"69" 0 0 0.561444834885519
"70" 0 0 0.585767936722736
"71" 0 0 2
