"V1" "V2" "V3"
"1" 1 0.268327398064027 0.309342495610559
"2" 1 0.327928547988815 0.360066537999595
"3" 1 0.547209113296737 0.624220941835963
"4" 1 0.605514900423627 0.756258297977136
"5" 1 0.910797839780405 1
"6" 2 0.78343906304625 0.827073289584773
"7" 0 0 0.219127922469745
"8" 0 0 0.220229015315425
"9" 0 0 0.224835621554443
"10" 0 0 0.239808922028753
"11" 0 0 0.248556377089357
"12" 0 0 0.2545368070973
"13" 0 0 0.255379212230266
"14" 0 0 0.259124846138605
"15" 0 0 0.263965781533354
"16" 0 0 0.267859108730372
"17" 0 0 0.2727809330738
"18" 0 0 0.284147686680547
"19" 0 0 0.289332582152551
"20" 0 0 0.291629921751516
"21" 0 0 0.294321791818776
"22" 0 0 0.296183874185278
"23" 0 0 0.302439411519879
"24" 0 0 0.305912603847662
"25" 0 0 0.306903059277764
"26" 0 0 0.308489262165901
"27" 0 0 0.313047118037852
"28" 0 0 0.313428784073237
"29" 0 0 0.316882479205298
"30" 0 0 0.319107880507751
"31" 0 0 0.319592063122888
"32" 0 0 0.321634567498094
"33" 0 0 0.322643887265526
"34" 0 0 0.324399329034397
"35" 0 0 0.326062528320414
"36" 0 0 0.326891717288125
"37" 0 0 0.329508665834483
"38" 0 0 0.33398822973989
"39" 0 0 0.336840796802548
"40" 0 0 0.337620701488724
"41" 0 0 0.338068153128558
"42" 0 0 0.344247350898899
"43" 0 0 0.345548567048776
"44" 0 0 0.378549340595541
"45" 0 0 0.379315978250983
"46" 0 0 0.389112849799286
"47" 0 0 0.390880831929968
"48" 0 0 0.406898332486314
"49" 0 0 0.409353052484108
"50" 0 0 0.420298652976084
"51" 0 0 0.422783644257114
"52" 0 0 0.436040180609892
"53" 0 0 0.439286237948571
"54" 0 0 0.452244486801584
"55" 0 0 0.456112523321519
"56" 0 0 0.456689762344732
"57" 0 0 0.457383466654364
"58" 0 0 0.462789382225289
"59" 0 0 0.470108593844766
"60" 0 0 0.491536494945971
"61" 0 0 0.5324388003999
"62" 0 0 0.544467210729182
"63" 0 0 0.551245453432739
"64" 0 0 0.569651109415483
"65" 0 0 0.586395490370941
"66" 0 0 0.595828771989511
"67" 0 0 0.647282403105859
"68" 0 0 0.706857435925768
"69" 0 0 0.95938687449933
"70" 0 0 1
