"V1" "V2" "V3"
"1" 1 0.192824343493275 0.233250009864356
"2" 1 0.246383820104428 0.259394098136519
"3" 1 0.234615272610627 0.261510994326139
"4" 1 0.244111317863959 0.27701917328116
"5" 1 0.251374574088311 0.280988299982927
"6" 1 0.262025548946429 0.281799303920274
"7" 1 0.224374219721169 0.284376656897496
"8" 1 0.258595030121968 0.285485532787068
"9" 1 0.292407433250992 0.295089104308453
"10" 1 0.231459629914326 0.303236954950127
"11" 1 0.306570407873378 0.311228435637361
"12" 1 0.277667423250985 0.316154652039308
"13" 1 0.265827757682198 0.317970258677694
"14" 1 0.271605193612305 0.320258960507953
"15" 1 0.251714872362764 0.321517966704919
"16" 1 0.245295590345702 0.323933254588392
"17" 1 0.297613870577518 0.325334210463046
"18" 1 0.293110866334607 0.332027310298536
"19" 1 0.30258568986346 0.335131883536372
"20" 1 0.315452771836474 0.337994993657911
"21" 1 0.304104866439705 0.348048661656829
"22" 1 0.288814317286925 0.349765906625658
"23" 1 0.312444226511881 0.350034881422736
"24" 1 0.280417959532661 0.353494604195276
"25" 1 0.343534386871447 0.359466412076118
"26" 1 0.313282203991059 0.364682091905187
"27" 1 0.295542193333313 0.367607588835763
"28" 1 0.284131067104449 0.377686151800421
"29" 1 0.314514834420832 0.39700505225471
"30" 1 0.267399835133654 0.406117207592441
"31" 1 0.333741719961612 0.414815180030642
"32" 1 0.314368885573108 0.41903281619856
"33" 1 0.299287687976852 0.4360917827698
"34" 1 0.295891545114731 0.452908444890397
"35" 1 0.272779539537024 0.468132248094543
"36" 1 0.25593502466819 0.469932519217477
"37" 2 0.481882221436475 0.536369467439436
"38" 2 0.474028995938487 0.966923160629897
"39" 0 0 0.144769480586221
"40" 0 0 0.157198237181593
"41" 0 0 0.159409641612431
"42" 0 0 0.160940317114581
"43" 0 0 0.166713896613765
"44" 0 0 0.166822528955164
"45" 0 0 0.173091657963255
"46" 0 0 0.174437283831672
"47" 0 0 0.17768480234355
"48" 0 0 0.182296099468981
"49" 0 0 0.183174782140625
"50" 0 0 0.183224699479335
"51" 0 0 0.183943278153348
"52" 0 0 0.187187084610641
"53" 0 0 0.188015133544299
"54" 0 0 0.189548904624799
"55" 0 0 0.190192717846056
"56" 0 0 0.190304276044948
"57" 0 0 0.195042874327618
"58" 0 0 0.195211372626671
"59" 0 0 0.197000850466952
"60" 0 0 0.198272539167715
"61" 0 0 0.199512749160198
"62" 0 0 0.200634756032774
"63" 0 0 0.202330002779853
"64" 0 0 0.202403729015321
"65" 0 0 0.202450864992224
"66" 0 0 0.20251843406561
"67" 0 0 0.202634724956648
"68" 0 0 0.203258759995012
"69" 0 0 0.2070485949335
"70" 0 0 0.207751181759464
"71" 0 0 0.209288342588359
"72" 0 0 0.21131128519116
"73" 0 0 0.211788889962169
"74" 0 0 0.211928794678421
"75" 0 0 0.2157183966515
"76" 0 0 0.216069391557509
"77" 0 0 0.216249832825922
"78" 0 0 0.216851982711798
"79" 0 0 0.21749039395714
"80" 0 0 0.21754946589909
"81" 0 0 0.218261495330764
"82" 0 0 0.223842415511029
"83" 0 0 0.226335323323247
"84" 0 0 0.226487780349179
"85" 0 0 0.226808183667121
"86" 0 0 0.227661474828984
"87" 0 0 0.228999543078786
"88" 0 0 0.229959061390084
"89" 0 0 0.231210643031879
"90" 0 0 0.232827838246559
"91" 0 0 0.233531502900136
"92" 0 0 0.236158187913154
"93" 0 0 0.23647359436934
"94" 0 0 0.23699443100503
"95" 0 0 0.238002971959298
"96" 0 0 0.238172160748331
"97" 0 0 0.239403838016122
"98" 0 0 0.240407398035234
"99" 0 0 0.240902529020675
"100" 0 0 0.242378347658767
"101" 0 0 0.243897239487564
"102" 0 0 0.244132725542592
"103" 0 0 0.248402723984098
"104" 0 0 0.252739976878079
"105" 0 0 0.259359388991435
"106" 0 0 0.265637816801549
"107" 0 0 0.269483063392742
"108" 0 0 0.26954381925169
"109" 0 0 0.269643381846266
"110" 0 0 0.270192926069383
"111" 0 0 0.270199642867232
"112" 0 0 0.275640879012477
"113" 0 0 0.282249882244382
"114" 0 0 0.283576792600316
"115" 0 0 0.304150526741199
"116" 0 0 1
